4.752965907446177628e-10
1.044960138096299946e-09
5.036150574502322858e-10
6.042694193360790159e-10
9.422212249815142265e-10
1.192452763073753570e-09
5.341790248115103635e-10
4.156787049931696352e-10
2.328031700453961061e-10
5.969426070813648145e-10
2.293527799734883869e-10
1.270365384777168343e-09
3.240000000000002910e+05
1.689002239012695946e-09
1.852707774960000047e-09
8.954943711124956822e-10
7.929949195447748660e-10
3.618156037465040579e-10
7.398623832394349285e-10
1.088531033387461567e-09
1.554365207089602696e-09
7.763416466390693608e-10
1.006608721333883525e-09
6.288922494182287588e-10
7.694764558455771520e-10
1.038349054793376762e-09
2.289483594870863278e-09
3.745231974113511892e-09
3.119630502206741751e-09
3.970442097190373143e-09
1.036302410922528287e-09
1.885082729868615832e-09
7.600268936443824289e-10
6.939185727487439825e-10
1.068488348491688875e-09
6.498089620127203429e-10
1.919999999999995925e+05
5.532281186335666581e-10
7.422810114040672247e-10
1.746333502721610109e-10
1.000102973971553944e-09
1.109065143036125946e-09
6.972223390937017114e-10
7.411634201118880552e-10
5.481369133423373319e-10
2.499895437133365547e-10
3.693330478033878096e-10
4.145402328151276109e-11
2.313611280389377645e-10
2.962428270265959372e-10
4.382963861373204044e-10
3.390934610043628251e-10
3.644330589751659090e-10
6.947455626648931163e-10
1.125235556878635618e-09
1.684690511683996726e-09
3.412993427504175230e-10
8.267973046660605360e-10
3.243902297605039617e-10
6.789175861207904017e-10
9.935657369810738247e-10
4.712181467385928825e-10
5.571297475856771763e-10
2.970353903788297768e-10
3.281575635567594533e-10
7.016441628785852139e-10
1.325648734797649617e-09
1.226915878910155203e-09
1.128409363585525287e-09
5.154592246839015704e-10
3.063502879801759369e-10
1.102281057049397082e-10
3.674593295427193623e-10
4.630504744345191087e-11
5.072651117830989413e-10
2.101754015630659460e-10
2.662877473587303346e-10
3.799266231386963419e-10
3.892740933146205187e-10
4.396122174286718006e-10
7.294397291918441823e-10
8.621250753030583810e-10
1.261757500253139212e-09
6.524678141336673866e-10
9.686390581551035392e-10
1.583064321335408366e-09
5.669757136801907115e-10
8.220877880517371400e-10
4.610638959554197557e-10
8.974489199662715914e-10
5.327745851370169524e-10
1.277351118272672774e-10
2.540775010259210890e-10
2.788717499502503379e-10
4.881997003967062441e-10
5.360854552594791915e-10
3.950455780054336092e-10
4.213660289233990588e-10
5.693807553413445637e-10
1.597231077873000933e-09
1.972001072876788818e-09
1.533730434329987231e-09
6.489847675067308269e-10
1.026486727315956439e-09
3.758054094713015070e-10
2.835636983292902653e-10
7.332944209491080695e-10
2.618104969994817919e-10
5.911230664610666178e-10
7.346242059549744430e-10
3.843634719747663826e-10
6.921817766103201953e-10
8.626667566055884843e-10
3.928432631258841072e-10
6.987159358424257882e-10
2.069335599951591999e-10
7.703703888902397854e-10
1.086173077936849273e-09
1.142281613512036461e-09
9.920828806905760601e-11
1.340053376494815642e-09
4.441032333699685185e-10
1.013341770651411726e-09
1.890414465572131698e-09
5.739318338094357472e-10
1.605862636207801285e-09
7.927817072305496716e-10
1.027597350771531655e-09
1.508119157538741396e-09
1.680694009989539050e-09
7.893430199607761261e-10
1.882266351820526951e-09
1.290480962221411330e-09
1.134307831911988525e-09
1.809079516441868175e-09
2.053937044707179729e-09
1.322812227418341921e-09
1.003195574851445026e-09
1.095393179765658884e-09
1.036926279203883979e-09
7.347169610367289588e-10
5.148697297715343053e-10
1.966309090664869460e-09
8.199676373202556010e-10
1.096265346633512370e-09
1.911465923913401652e-09
5.290162950358762055e-10
2.929212382964547191e-10
1.605298460816836713e-09
2.745661348126226661e-10
5.376736321765367757e-10
4.869651489772844676e-10
1.630528680686084762e-09
8.076646953298520295e-10
3.866862764799198325e-10
1.729677651560306905e-09
1.354346366318593747e-09
6.038270149467171733e-10
3.530633097832566344e-10
5.781960497210233204e-10
3.473231786531240871e-10
1.372034469034749217e-09
7.614632641864507465e-10
4.211859561955445017e-10
3.935766739981913491e-10
9.414526266670086358e-11
1.367375968939919577e-09
4.529212032180166608e-10
3.236418040999216223e-09
7.467926774026726556e-09
7.882655496824527624e-09
5.027416324799781825e-09
1.518898796854729915e-09
1.723079535206824834e-09
2.199877376243365834e-09
2.052363107685073309e-10
1.165299902183579457e-09
2.271461478438132413e-10
6.874977905389242294e-10
7.770885812811280620e-10
9.340023951921204511e-10
7.289600129351228902e-10
6.046964249721886247e-10
1.016593075746048515e-09
1.139033803621482455e-09
1.830282641470370599e-09
1.388250510597104705e-09
7.328031188823028386e-10
2.447842976301313316e-09
1.503339821373552562e-09
5.176709038521752835e-09
2.331865251949356443e-09
3.960166456537075712e-09
1.666518924928982842e-09
9.216590861578347484e-10
7.994250032602709224e-10
7.725300906674632101e-10
1.797986238426093166e-09
7.699370352086973134e-10
1.374268024060571436e-09
4.254754901802571131e-10
8.112973883713917361e-10
7.396473777892746516e-10
2.727918614771820944e-09
2.082913868082919047e-09
8.729619053310686589e-10
1.000955507965770431e-09
5.110737642823593952e-10
6.972835176064275388e-10
1.000056745489259790e-09
8.558116119768794641e-10
2.337748877913396468e-09
2.828218664076127070e-09
1.781249875692439495e-09
6.844370447118076226e-10
3.123502850273961595e-10
9.146447587304363352e-10
9.489135432210043254e-10
1.416176270700082134e-09
1.487904227353482598e-09
2.645403184488899996e-09
2.404601538545045948e-09
1.396263239253090290e-09
5.132347149378050224e-09
2.158403017830161451e-09
5.481588372775624261e-09
6.143347379644707522e-10
3.876998270393997394e-09
2.793299230632080908e-09
1.987900546217820771e-09
2.899618539621211324e-09
1.157660213193487522e-09
1.605790268816884249e-09
8.024624914282646040e-10
4.519807816489665444e-10
1.599924383604629629e-09
1.174628891033662185e-09
1.875930426478562065e-09
2.266596452904641015e-10
7.711050410204845208e-10
5.245462014707368915e-10
1.506559275858881475e-09
2.461168823265046288e-09
1.931692850442993324e-09
2.124301026703701009e-10
9.102106827689301623e-10
2.778238800815676540e-10
3.680442540639264723e-10
7.680919785894356940e-10
3.485557124371566715e-10
7.379406356028454804e-10
4.732814677778890684e-10
7.246524658191714309e-10
1.149980535188292982e-09
2.985904589218686421e-10
2.618048096859860976e-09
2.125231046092117167e-09
1.265596322904848413e-09
6.463290695485840206e-09
7.409830390950510473e-09
4.857028287914581889e-09
7.456371626222032661e-10
1.585779466664125961e-09
1.391193133517839205e-09
5.936347254621328868e-10
8.735751882805695152e-10
1.948851172721427355e-10
1.108099622618471550e-09
1.282867298527094392e-09
1.803353855236430233e-09
2.758770710804204881e-09
1.918213596608916879e-09
7.818576125790376149e-10
1.356401743765251791e-09
1.109073522039924731e-09
2.590933996239062354e-10
1.780302775607884175e-10
5.064428590666365721e-10
7.605400322333102828e-10
4.824947841712576403e-10
8.567177668858104816e-10
9.063559516698580531e-10
2.393024540317127019e-09
1.909787341908633670e-09
1.722873789105675064e-09
6.236183034639795354e-09
7.105230297551994930e-09
5.450253647352819999e-09
2.465127927241489378e-09
1.436431280792914331e-09
2.350273514908971292e-09
1.633124295604075366e-09
1.069078505139121287e-09
2.140219259042772006e-09
2.781649257257308368e-09
2.257200540202889152e-09
1.700267354367547699e-09
1.571397638332340197e-09
9.441436065965063935e-10
1.994547493705858573e-09
1.319999999999987776e+05
1.619348184625053791e-09
1.597388889886681498e-10
3.307245608065774225e-10
2.611542580823271538e-10
7.893517265157039381e-10
4.489685781654404602e-10
6.806225814427411154e-10
1.537248004855528094e-09
4.331434703167800499e-10
2.711286859222959999e-10
9.827441712913993617e-10
3.738024304138258571e-10
8.680794321562104714e-10
1.040029892307370793e-09
9.074277497462873122e-10
