0.000000000000000000e+00
4.166666666666666963e+00
8.333333333333333925e+00
1.250000000000000000e+01
1.666666666666666785e+01
2.083333333333333215e+01
2.500000000000000000e+01
2.916666666666666785e+01
3.333333333333333570e+01
3.750000000000000000e+01
4.166666666666666430e+01
4.583333333333332860e+01
5.000000000000000000e+01
5.416666666666666430e+01
5.833333333333333570e+01
6.250000000000000000e+01
6.666666666666667140e+01
7.083333333333332860e+01
7.500000000000000000e+01
7.916666666666667140e+01
8.333333333333332860e+01
8.750000000000000000e+01
9.166666666666665719e+01
9.583333333333331439e+01
1.000000000000000000e+02
1.041666666666666572e+02
1.083333333333333286e+02
1.124999999999999858e+02
1.166666666666666714e+02
1.208333333333333286e+02
1.250000000000000000e+02
1.291666666666666572e+02
1.333333333333333428e+02
1.375000000000000000e+02
1.416666666666666572e+02
1.458333333333333428e+02
1.500000000000000000e+02
1.541666666666666572e+02
1.583333333333333428e+02
1.625000000000000000e+02
1.666666666666666572e+02
1.708333333333333144e+02
1.750000000000000000e+02
1.791666666666666572e+02
1.833333333333333144e+02
1.874999999999999716e+02
1.916666666666666288e+02
1.958333333333333428e+02
2.000000000000000000e+02
2.041666666666666572e+02
2.083333333333333144e+02
2.125000000000000000e+02
2.166666666666666572e+02
2.208333333333333144e+02
2.249999999999999716e+02
2.291666666666666288e+02
2.333333333333333428e+02
2.375000000000000000e+02
2.416666666666666572e+02
2.458333333333333144e+02
2.500000000000000000e+02
2.541666666666666572e+02
2.583333333333333144e+02
2.625000000000000000e+02
2.666666666666666856e+02
2.708333333333333144e+02
2.750000000000000000e+02
2.791666666666666288e+02
2.833333333333333144e+02
2.875000000000000000e+02
2.916666666666666856e+02
2.958333333333333144e+02
3.000000000000000000e+02
3.041666666666666856e+02
3.083333333333333144e+02
3.125000000000000000e+02
3.166666666666666856e+02
3.208333333333333144e+02
3.250000000000000000e+02
3.291666666666666288e+02
3.333333333333333144e+02
3.375000000000000000e+02
3.416666666666666288e+02
3.458333333333333144e+02
3.500000000000000000e+02
3.541666666666666288e+02
3.583333333333333144e+02
3.624999999999999432e+02
3.666666666666666288e+02
3.708333333333333712e+02
3.749999999999999432e+02
3.791666666666666856e+02
3.833333333333332575e+02
3.875000000000000000e+02
3.916666666666666856e+02
3.958333333333333144e+02
4.000000000000000000e+02
4.041666666666666288e+02
4.083333333333333144e+02
4.125000000000000000e+02
4.166666666666666288e+02
4.208333333333333144e+02
4.250000000000000000e+02
4.291666666666666288e+02
4.333333333333333144e+02
4.374999999999999432e+02
4.416666666666666288e+02
4.458333333333333144e+02
4.499999999999999432e+02
4.541666666666666288e+02
4.583333333333332575e+02
4.625000000000000000e+02
4.666666666666666856e+02
4.708333333333333144e+02
4.750000000000000000e+02
4.791666666666666856e+02
4.833333333333333144e+02
4.875000000000000000e+02
4.916666666666666288e+02
4.958333333333333144e+02
5.000000000000000000e+02
5.041666666666666288e+02
5.083333333333333144e+02
5.125000000000000000e+02
5.166666666666666288e+02
5.208333333333333712e+02
5.250000000000000000e+02
5.291666666666666288e+02
5.333333333333333712e+02
5.375000000000000000e+02
5.416666666666666288e+02
5.458333333333332575e+02
5.500000000000000000e+02
5.541666666666666288e+02
5.583333333333332575e+02
5.625000000000000000e+02
5.666666666666666288e+02
5.708333333333332575e+02
5.750000000000000000e+02
5.791666666666666288e+02
5.833333333333333712e+02
5.874999999999998863e+02
5.916666666666666288e+02
5.958333333333333712e+02
6.000000000000000000e+02
6.041666666666666288e+02
6.083333333333333712e+02
6.125000000000000000e+02
6.166666666666666288e+02
6.208333333333332575e+02
6.250000000000000000e+02
6.291666666666666288e+02
6.333333333333333712e+02
6.375000000000000000e+02
6.416666666666666288e+02
6.458333333333333712e+02
6.500000000000000000e+02
6.541666666666666288e+02
6.583333333333332575e+02
6.625000000000000000e+02
6.666666666666666288e+02
6.708333333333332575e+02
6.750000000000000000e+02
6.791666666666666288e+02
6.833333333333332575e+02
6.875000000000000000e+02
6.916666666666666288e+02
6.958333333333332575e+02
7.000000000000000000e+02
7.041666666666666288e+02
7.083333333333332575e+02
7.124999999999998863e+02
7.166666666666666288e+02
7.208333333333332575e+02
7.249999999999998863e+02
7.291666666666666288e+02
7.333333333333332575e+02
7.374999999999998863e+02
7.416666666666667425e+02
7.458333333333332575e+02
7.499999999999998863e+02
7.541666666666667425e+02
7.583333333333333712e+02
7.625000000000000000e+02
7.666666666666665151e+02
7.708333333333333712e+02
7.750000000000000000e+02
7.791666666666666288e+02
7.833333333333333712e+02
7.875000000000000000e+02
7.916666666666666288e+02
7.958333333333333712e+02
8.000000000000000000e+02
8.041666666666666288e+02
8.083333333333332575e+02
8.125000000000000000e+02
8.166666666666666288e+02
8.208333333333332575e+02
8.250000000000000000e+02
8.291666666666666288e+02
8.333333333333332575e+02
8.375000000000000000e+02
8.416666666666666288e+02
8.458333333333332575e+02
8.500000000000000000e+02
8.541666666666666288e+02
8.583333333333332575e+02
8.624999999999998863e+02
8.666666666666666288e+02
8.708333333333332575e+02
8.749999999999998863e+02
8.791666666666666288e+02
8.833333333333332575e+02
8.874999999999998863e+02
8.916666666666666288e+02
8.958333333333332575e+02
8.999999999999998863e+02
9.041666666666667425e+02
9.083333333333332575e+02
9.124999999999998863e+02
9.166666666666665151e+02
9.208333333333333712e+02
9.250000000000000000e+02
9.291666666666665151e+02
9.333333333333333712e+02
9.375000000000000000e+02
9.416666666666666288e+02
9.458333333333333712e+02
9.500000000000000000e+02
9.541666666666666288e+02
9.583333333333333712e+02
9.625000000000000000e+02
9.666666666666666288e+02
9.708333333333332575e+02
9.750000000000000000e+02
9.791666666666666288e+02
9.833333333333332575e+02
9.875000000000000000e+02
9.916666666666666288e+02
9.958333333333332575e+02
1.000000000000000000e+03
1.004166666666666629e+03
1.008333333333333258e+03
1.012500000000000000e+03
1.016666666666666629e+03
1.020833333333333258e+03
1.025000000000000000e+03
1.029166666666666742e+03
1.033333333333333258e+03
1.037500000000000000e+03
1.041666666666666742e+03
1.045833333333333258e+03
1.050000000000000000e+03
1.054166666666666742e+03
1.058333333333333258e+03
1.062500000000000000e+03
1.066666666666666742e+03
1.070833333333333258e+03
1.075000000000000000e+03
1.079166666666666515e+03
1.083333333333333258e+03
1.087500000000000000e+03
1.091666666666666515e+03
1.095833333333333258e+03
1.100000000000000000e+03
1.104166666666666515e+03
1.108333333333333258e+03
1.112500000000000000e+03
1.116666666666666515e+03
1.120833333333333258e+03
1.125000000000000000e+03
1.129166666666666515e+03
1.133333333333333258e+03
1.137500000000000000e+03
1.141666666666666515e+03
1.145833333333333258e+03
1.150000000000000000e+03
1.154166666666666515e+03
1.158333333333333258e+03
1.162500000000000000e+03
1.166666666666666742e+03
1.170833333333333258e+03
1.174999999999999773e+03
1.179166666666666742e+03
1.183333333333333258e+03
1.187500000000000000e+03
1.191666666666666742e+03
1.195833333333333258e+03
1.200000000000000000e+03
1.204166666666666742e+03
1.208333333333333258e+03
1.212500000000000000e+03
1.216666666666666742e+03
1.220833333333333258e+03
1.225000000000000000e+03
1.229166666666666515e+03
1.233333333333333258e+03
1.237500000000000000e+03
1.241666666666666515e+03
1.245833333333333258e+03
1.250000000000000000e+03
1.254166666666666742e+03
1.258333333333333258e+03
1.262500000000000000e+03
1.266666666666666742e+03
1.270833333333333258e+03
1.275000000000000000e+03
1.279166666666666742e+03
1.283333333333333258e+03
1.287500000000000000e+03
1.291666666666666742e+03
1.295833333333333258e+03
1.300000000000000000e+03
1.304166666666666515e+03
1.308333333333333258e+03
1.312500000000000000e+03
1.316666666666666515e+03
1.320833333333333258e+03
1.325000000000000000e+03
1.329166666666666515e+03
1.333333333333333258e+03
1.337500000000000000e+03
1.341666666666666515e+03
1.345833333333333258e+03
1.350000000000000000e+03
1.354166666666666515e+03
1.358333333333333258e+03
1.362500000000000000e+03
1.366666666666666515e+03
1.370833333333333258e+03
1.375000000000000000e+03
1.379166666666666515e+03
1.383333333333333258e+03
1.387500000000000000e+03
1.391666666666666515e+03
1.395833333333333258e+03
1.400000000000000000e+03
1.404166666666666515e+03
1.408333333333333258e+03
1.412499999999999773e+03
1.416666666666666515e+03
1.420833333333333258e+03
1.424999999999999773e+03
1.429166666666666515e+03
1.433333333333333258e+03
1.437499999999999773e+03
1.441666666666666515e+03
1.445833333333333258e+03
1.449999999999999773e+03
1.454166666666666515e+03
1.458333333333333258e+03
1.462499999999999773e+03
1.466666666666666515e+03
1.470833333333333258e+03
1.474999999999999773e+03
1.479166666666666515e+03
1.483333333333333485e+03
1.487499999999999773e+03
1.491666666666666515e+03
1.495833333333333485e+03
1.499999999999999773e+03
1.504166666666666742e+03
1.508333333333333485e+03
1.512499999999999773e+03
1.516666666666666742e+03
1.520833333333333030e+03
1.525000000000000000e+03
1.529166666666666742e+03
1.533333333333333030e+03
1.537500000000000000e+03
1.541666666666666742e+03
1.545833333333333258e+03
1.550000000000000000e+03
1.554166666666666742e+03
1.558333333333333258e+03
1.562500000000000000e+03
1.566666666666666742e+03
1.570833333333333258e+03
1.575000000000000000e+03
1.579166666666666742e+03
1.583333333333333258e+03
1.587500000000000000e+03
1.591666666666666742e+03
1.595833333333333258e+03
1.600000000000000000e+03
1.604166666666666742e+03
1.608333333333333258e+03
1.612500000000000000e+03
1.616666666666666515e+03
1.620833333333333258e+03
1.625000000000000000e+03
1.629166666666666515e+03
1.633333333333333258e+03
1.637500000000000000e+03
1.641666666666666515e+03
1.645833333333333258e+03
1.650000000000000000e+03
1.654166666666666515e+03
1.658333333333333258e+03
1.662500000000000000e+03
1.666666666666666515e+03
1.670833333333333258e+03
1.675000000000000000e+03
1.679166666666666515e+03
1.683333333333333258e+03
1.687500000000000000e+03
1.691666666666666515e+03
1.695833333333333258e+03
1.700000000000000000e+03
1.704166666666666515e+03
1.708333333333333258e+03
1.712500000000000000e+03
1.716666666666666515e+03
1.720833333333333258e+03
1.724999999999999773e+03
1.729166666666666515e+03
1.733333333333333258e+03
1.737499999999999773e+03
1.741666666666666515e+03
1.745833333333333258e+03
1.749999999999999773e+03
1.754166666666666515e+03
1.758333333333333258e+03
1.762499999999999773e+03
1.766666666666666515e+03
1.770833333333333258e+03
1.774999999999999773e+03
1.779166666666666515e+03
1.783333333333333258e+03
1.787499999999999773e+03
1.791666666666666515e+03
1.795833333333333258e+03
1.799999999999999773e+03
1.804166666666666515e+03
1.808333333333333485e+03
1.812499999999999773e+03
1.816666666666666515e+03
1.820833333333333485e+03
1.824999999999999773e+03
1.829166666666666742e+03
1.833333333333333030e+03
1.837499999999999773e+03
1.841666666666666742e+03
1.845833333333333030e+03
1.850000000000000000e+03
1.854166666666666742e+03
1.858333333333333030e+03
1.862500000000000000e+03
1.866666666666666742e+03
1.870833333333333258e+03
1.875000000000000000e+03
1.879166666666666742e+03
1.883333333333333258e+03
1.887500000000000000e+03
1.891666666666666742e+03
1.895833333333333258e+03
1.900000000000000000e+03
1.904166666666666742e+03
1.908333333333333258e+03
1.912500000000000000e+03
1.916666666666666742e+03
1.920833333333333258e+03
1.925000000000000000e+03
1.929166666666666515e+03
1.933333333333333258e+03
1.937500000000000000e+03
1.941666666666666515e+03
1.945833333333333258e+03
1.950000000000000000e+03
1.954166666666666515e+03
1.958333333333333258e+03
1.962500000000000000e+03
1.966666666666666515e+03
1.970833333333333258e+03
1.975000000000000000e+03
1.979166666666666515e+03
1.983333333333333258e+03
1.987500000000000000e+03
1.991666666666666515e+03
1.995833333333333258e+03
2.000000000000000000e+03
2.004166666666666515e+03
2.008333333333333258e+03
2.012500000000000000e+03
2.016666666666666515e+03
2.020833333333333258e+03
2.025000000000000000e+03
2.029166666666666515e+03
2.033333333333333258e+03
2.037499999999999773e+03
2.041666666666666515e+03
2.045833333333333258e+03
2.050000000000000000e+03
2.054166666666666515e+03
2.058333333333333485e+03
2.062500000000000000e+03
2.066666666666666515e+03
2.070833333333333485e+03
2.075000000000000000e+03
2.079166666666666515e+03
2.083333333333333485e+03
2.087500000000000000e+03
2.091666666666666515e+03
2.095833333333333485e+03
2.100000000000000000e+03
2.104166666666666515e+03
2.108333333333333485e+03
2.112500000000000000e+03
2.116666666666666515e+03
2.120833333333333485e+03
2.125000000000000000e+03
2.129166666666666515e+03
2.133333333333333485e+03
2.137500000000000000e+03
2.141666666666666515e+03
2.145833333333333030e+03
2.150000000000000000e+03
2.154166666666666515e+03
2.158333333333333030e+03
2.162500000000000000e+03
2.166666666666666515e+03
2.170833333333333030e+03
2.175000000000000000e+03
2.179166666666666515e+03
2.183333333333333030e+03
2.187500000000000000e+03
2.191666666666666515e+03
2.195833333333333030e+03
2.200000000000000000e+03
2.204166666666666515e+03
2.208333333333333030e+03
2.212500000000000000e+03
2.216666666666666515e+03
2.220833333333333030e+03
2.225000000000000000e+03
2.229166666666666515e+03
2.233333333333333030e+03
2.237500000000000000e+03
2.241666666666666515e+03
2.245833333333333030e+03
2.250000000000000000e+03
2.254166666666666515e+03
2.258333333333333030e+03
2.262500000000000000e+03
2.266666666666666515e+03
2.270833333333333030e+03
2.275000000000000000e+03
2.279166666666666515e+03
2.283333333333333030e+03
2.287500000000000000e+03
2.291666666666666515e+03
2.295833333333333030e+03
2.300000000000000000e+03
2.304166666666666515e+03
2.308333333333333030e+03
2.312500000000000000e+03
2.316666666666666515e+03
2.320833333333333030e+03
2.325000000000000000e+03
2.329166666666666515e+03
2.333333333333333485e+03
2.337500000000000000e+03
2.341666666666666515e+03
2.345833333333333485e+03
2.349999999999999545e+03
2.354166666666666515e+03
2.358333333333333485e+03
2.362499999999999545e+03
2.366666666666666515e+03
2.370833333333333485e+03
2.375000000000000000e+03
2.379166666666666515e+03
2.383333333333333485e+03
2.387500000000000000e+03
2.391666666666666515e+03
2.395833333333333485e+03
2.400000000000000000e+03
2.404166666666666515e+03
2.408333333333333485e+03
2.412500000000000000e+03
2.416666666666666515e+03
2.420833333333333485e+03
2.425000000000000000e+03
2.429166666666666515e+03
2.433333333333333485e+03
2.437500000000000000e+03
2.441666666666666515e+03
2.445833333333333485e+03
2.450000000000000000e+03
2.454166666666666515e+03
2.458333333333333030e+03
2.462500000000000000e+03
2.466666666666666515e+03
2.470833333333333030e+03
2.475000000000000000e+03
2.479166666666666515e+03
2.483333333333333030e+03
2.487500000000000000e+03
2.491666666666666515e+03
2.495833333333333030e+03
2.500000000000000000e+03
2.504166666666666515e+03
2.508333333333333485e+03
2.512499999999999545e+03
2.516666666666666515e+03
2.520833333333333030e+03
2.525000000000000000e+03
2.529166666666666515e+03
2.533333333333333485e+03
2.537499999999999545e+03
2.541666666666666515e+03
2.545833333333333030e+03
2.550000000000000000e+03
2.554166666666666515e+03
2.558333333333333485e+03
2.562499999999999545e+03
2.566666666666666515e+03
2.570833333333333030e+03
2.575000000000000000e+03
2.579166666666666515e+03
2.583333333333333485e+03
2.587499999999999545e+03
2.591666666666666515e+03
2.595833333333333030e+03
2.600000000000000000e+03
2.604166666666666515e+03
2.608333333333333030e+03
2.612499999999999545e+03
2.616666666666666515e+03
2.620833333333333030e+03
2.625000000000000000e+03
2.629166666666666970e+03
2.633333333333333030e+03
2.637499999999999545e+03
2.641666666666666515e+03
2.645833333333333030e+03
2.650000000000000000e+03
2.654166666666666970e+03
2.658333333333333030e+03
2.662499999999999545e+03
2.666666666666666515e+03
2.670833333333333485e+03
2.675000000000000000e+03
2.679166666666666970e+03
2.683333333333333030e+03
2.687499999999999545e+03
2.691666666666666515e+03
2.695833333333333485e+03
2.700000000000000000e+03
2.704166666666666970e+03
2.708333333333333030e+03
2.712500000000000000e+03
2.716666666666666515e+03
2.720833333333333485e+03
2.725000000000000000e+03
2.729166666666666060e+03
2.733333333333333030e+03
2.737500000000000000e+03
2.741666666666666515e+03
2.745833333333333485e+03
2.750000000000000000e+03
2.754166666666666515e+03
2.758333333333333030e+03
2.762500000000000000e+03
2.766666666666666515e+03
2.770833333333333485e+03
2.775000000000000000e+03
2.779166666666666515e+03
2.783333333333333030e+03
2.787500000000000000e+03
2.791666666666666515e+03
2.795833333333333485e+03
2.800000000000000000e+03
2.804166666666666515e+03
2.808333333333333030e+03
2.812500000000000000e+03
2.816666666666666515e+03
2.820833333333333485e+03
2.824999999999999545e+03
2.829166666666666515e+03
2.833333333333333030e+03
2.837500000000000000e+03
2.841666666666666515e+03
2.845833333333333485e+03
2.849999999999999545e+03
2.854166666666666515e+03
2.858333333333333030e+03
2.862500000000000000e+03
2.866666666666666515e+03
2.870833333333333485e+03
2.874999999999999545e+03
2.879166666666666515e+03
2.883333333333333030e+03
2.887500000000000000e+03
2.891666666666666515e+03
2.895833333333333485e+03
2.899999999999999545e+03
2.904166666666666515e+03
2.908333333333333030e+03
2.912500000000000000e+03
2.916666666666666515e+03
2.920833333333333030e+03
2.924999999999999545e+03
2.929166666666666515e+03
2.933333333333333030e+03
2.937500000000000000e+03
2.941666666666666515e+03
2.945833333333333030e+03
2.949999999999999545e+03
2.954166666666666515e+03
2.958333333333333030e+03
2.962500000000000000e+03
2.966666666666666970e+03
2.970833333333333030e+03
2.974999999999999545e+03
2.979166666666666515e+03
2.983333333333333030e+03
2.987500000000000000e+03
2.991666666666666970e+03
2.995833333333333030e+03
2.999999999999999545e+03
3.004166666666666515e+03
3.008333333333333485e+03
3.012500000000000000e+03
3.016666666666666970e+03
3.020833333333333030e+03
3.024999999999999545e+03
3.029166666666666515e+03
3.033333333333333485e+03
3.037500000000000000e+03
3.041666666666666060e+03
3.045833333333333030e+03
3.050000000000000000e+03
3.054166666666666515e+03
3.058333333333333485e+03
3.062500000000000000e+03
3.066666666666666060e+03
3.070833333333333030e+03
3.075000000000000000e+03
3.079166666666666515e+03
3.083333333333333485e+03
3.087500000000000000e+03
3.091666666666666515e+03
3.095833333333333030e+03
3.100000000000000000e+03
3.104166666666666515e+03
3.108333333333333485e+03
3.112500000000000000e+03
3.116666666666666515e+03
3.120833333333333030e+03
3.125000000000000000e+03
3.129166666666666515e+03
3.133333333333333485e+03
3.137499999999999545e+03
3.141666666666666515e+03
3.145833333333333030e+03
3.150000000000000000e+03
3.154166666666666515e+03
3.158333333333333485e+03
3.162499999999999545e+03
3.166666666666666515e+03
3.170833333333333030e+03
3.175000000000000000e+03
3.179166666666666515e+03
3.183333333333333485e+03
3.187499999999999545e+03
3.191666666666666515e+03
3.195833333333333030e+03
3.200000000000000000e+03
3.204166666666666515e+03
3.208333333333333485e+03
3.212499999999999545e+03
3.216666666666666515e+03
3.220833333333333030e+03
3.225000000000000000e+03
3.229166666666666515e+03
3.233333333333333030e+03
3.237499999999999545e+03
3.241666666666666515e+03
3.245833333333333030e+03
3.250000000000000000e+03
3.254166666666666515e+03
3.258333333333333030e+03
3.262499999999999545e+03
3.266666666666666515e+03
3.270833333333333030e+03
3.275000000000000000e+03
3.279166666666666515e+03
3.283333333333333030e+03
3.287499999999999545e+03
3.291666666666666515e+03
3.295833333333333030e+03
3.300000000000000000e+03
3.304166666666666970e+03
3.308333333333333030e+03
3.312499999999999545e+03
3.316666666666666515e+03
3.320833333333333030e+03
3.325000000000000000e+03
3.329166666666666970e+03
3.333333333333333030e+03
3.337499999999999545e+03
3.341666666666666515e+03
3.345833333333333485e+03
3.350000000000000000e+03
3.354166666666666060e+03
3.358333333333333030e+03
3.362499999999999545e+03
3.366666666666666515e+03
3.370833333333333485e+03
3.375000000000000000e+03
3.379166666666666060e+03
3.383333333333333030e+03
3.387500000000000000e+03
3.391666666666666515e+03
3.395833333333333485e+03
3.400000000000000000e+03
3.404166666666666515e+03
3.408333333333333030e+03
3.412500000000000000e+03
3.416666666666666515e+03
3.420833333333333485e+03
3.425000000000000000e+03
3.429166666666666515e+03
3.433333333333333030e+03
3.437500000000000000e+03
3.441666666666666515e+03
3.445833333333333485e+03
3.449999999999999545e+03
3.454166666666666515e+03
3.458333333333333030e+03
3.462500000000000000e+03
3.466666666666666515e+03
3.470833333333333485e+03
3.474999999999999545e+03
3.479166666666666515e+03
3.483333333333333030e+03
3.487500000000000000e+03
3.491666666666666515e+03
3.495833333333333485e+03
3.499999999999999545e+03
3.504166666666666515e+03
3.508333333333333030e+03
3.512500000000000000e+03
3.516666666666666515e+03
3.520833333333333485e+03
3.524999999999999545e+03
3.529166666666666515e+03
3.533333333333333030e+03
3.537500000000000000e+03
3.541666666666666515e+03
3.545833333333333030e+03
3.549999999999999545e+03
3.554166666666666515e+03
3.558333333333333030e+03
3.562500000000000000e+03
3.566666666666666515e+03
3.570833333333333030e+03
3.574999999999999545e+03
3.579166666666666515e+03
3.583333333333333030e+03
3.587500000000000000e+03
3.591666666666666515e+03
3.595833333333333030e+03
3.599999999999999545e+03
3.604166666666666515e+03
3.608333333333333030e+03
3.612500000000000000e+03
3.616666666666666970e+03
3.620833333333333030e+03
3.624999999999999545e+03
3.629166666666666515e+03
3.633333333333333030e+03
3.637500000000000000e+03
3.641666666666666970e+03
3.645833333333333030e+03
3.649999999999999545e+03
3.654166666666666515e+03
3.658333333333333485e+03
3.662500000000000000e+03
3.666666666666666060e+03
3.670833333333333030e+03
3.674999999999999545e+03
3.679166666666666515e+03
3.683333333333333485e+03
3.687500000000000000e+03
3.691666666666666060e+03
3.695833333333333030e+03
3.700000000000000000e+03
3.704166666666666515e+03
3.708333333333333485e+03
3.712500000000000000e+03
3.716666666666666060e+03
3.720833333333333030e+03
3.725000000000000000e+03
3.729166666666666515e+03
3.733333333333333485e+03
3.737500000000000000e+03
3.741666666666666515e+03
3.745833333333333030e+03
3.750000000000000000e+03
3.754166666666666515e+03
3.758333333333333485e+03
3.762499999999999545e+03
3.766666666666666515e+03
3.770833333333333030e+03
3.775000000000000000e+03
3.779166666666666515e+03
3.783333333333333485e+03
3.787499999999999545e+03
3.791666666666666515e+03
3.795833333333333030e+03
3.800000000000000000e+03
3.804166666666666515e+03
3.808333333333333485e+03
3.812499999999999545e+03
3.816666666666666515e+03
3.820833333333333030e+03
3.825000000000000000e+03
3.829166666666666515e+03
3.833333333333333485e+03
3.837499999999999545e+03
3.841666666666666515e+03
3.845833333333333030e+03
3.850000000000000000e+03
3.854166666666666515e+03
3.858333333333333030e+03
3.862499999999999545e+03
3.866666666666666515e+03
3.870833333333333030e+03
3.875000000000000000e+03
3.879166666666666515e+03
3.883333333333333030e+03
3.887499999999999545e+03
3.891666666666666515e+03
3.895833333333333030e+03
3.900000000000000000e+03
3.904166666666666515e+03
3.908333333333333030e+03
3.912499999999999545e+03
3.916666666666666515e+03
3.920833333333333030e+03
3.925000000000000000e+03
3.929166666666666515e+03
3.933333333333333030e+03
3.937499999999999545e+03
3.941666666666666515e+03
3.945833333333333030e+03
3.950000000000000000e+03
3.954166666666666970e+03
3.958333333333333030e+03
3.962499999999999545e+03
3.966666666666666515e+03
3.970833333333333030e+03
3.975000000000000000e+03
3.979166666666666060e+03
3.983333333333333030e+03
3.987499999999999545e+03
3.991666666666666515e+03
3.995833333333333485e+03
4.000000000000000000e+03
4.004166666666666060e+03
4.008333333333333030e+03
4.012499999999999545e+03
4.016666666666666515e+03
4.020833333333333485e+03
4.025000000000000000e+03
4.029166666666666060e+03
4.033333333333333030e+03
4.037500000000000000e+03
4.041666666666666515e+03
4.045833333333333485e+03
4.050000000000000000e+03
4.054166666666666060e+03
4.058333333333333030e+03
4.062500000000000000e+03
4.066666666666666515e+03
4.070833333333333485e+03
4.074999999999999545e+03
4.079166666666666515e+03
4.083333333333333030e+03
4.087500000000000000e+03
4.091666666666666515e+03
4.095833333333333485e+03
4.100000000000000000e+03
4.104166666666666060e+03
4.108333333333333030e+03
4.112500000000000000e+03
4.116666666666666970e+03
4.120833333333333030e+03
4.125000000000000000e+03
4.129166666666666060e+03
4.133333333333333030e+03
4.137500000000000000e+03
4.141666666666666970e+03
4.145833333333333030e+03
4.150000000000000000e+03
4.154166666666666060e+03
4.158333333333333030e+03
4.162500000000000000e+03
4.166666666666666970e+03
4.170833333333333030e+03
4.175000000000000000e+03
4.179166666666666060e+03
4.183333333333333030e+03
4.187500000000000000e+03
4.191666666666666970e+03
4.195833333333333030e+03
4.200000000000000000e+03
4.204166666666666060e+03
4.208333333333333030e+03
4.212500000000000000e+03
4.216666666666666970e+03
4.220833333333333030e+03
4.225000000000000000e+03
4.229166666666666060e+03
4.233333333333333030e+03
4.237500000000000000e+03
4.241666666666666970e+03
4.245833333333333030e+03
4.250000000000000000e+03
4.254166666666666060e+03
4.258333333333333030e+03
4.262500000000000000e+03
4.266666666666666970e+03
4.270833333333333030e+03
4.275000000000000000e+03
4.279166666666666060e+03
4.283333333333333030e+03
4.287500000000000000e+03
4.291666666666666060e+03
4.295833333333333030e+03
4.300000000000000000e+03
4.304166666666666060e+03
4.308333333333333030e+03
4.312500000000000000e+03
4.316666666666666060e+03
4.320833333333333030e+03
4.325000000000000000e+03
4.329166666666666060e+03
4.333333333333333030e+03
4.337500000000000000e+03
4.341666666666666060e+03
4.345833333333333030e+03
4.350000000000000000e+03
4.354166666666666970e+03
4.358333333333333030e+03
4.362500000000000000e+03
4.366666666666666060e+03
4.370833333333333030e+03
4.375000000000000000e+03
4.379166666666666970e+03
4.383333333333333030e+03
4.387499999999999091e+03
4.391666666666666060e+03
4.395833333333333030e+03
4.400000000000000000e+03
4.404166666666666970e+03
4.408333333333333030e+03
4.412499999999999091e+03
4.416666666666666060e+03
4.420833333333333030e+03
4.425000000000000000e+03
4.429166666666666970e+03
4.433333333333333030e+03
4.437500000000000000e+03
4.441666666666666060e+03
4.445833333333333030e+03
4.450000000000000000e+03
4.454166666666666970e+03
4.458333333333333030e+03
4.462500000000000000e+03
4.466666666666666060e+03
4.470833333333333030e+03
4.475000000000000000e+03
4.479166666666666970e+03
4.483333333333333030e+03
4.487500000000000000e+03
4.491666666666666060e+03
4.495833333333333030e+03
4.500000000000000000e+03
4.504166666666666970e+03
4.508333333333333030e+03
4.512500000000000000e+03
4.516666666666666060e+03
4.520833333333333030e+03
4.525000000000000000e+03
4.529166666666666970e+03
4.533333333333333030e+03
4.537500000000000000e+03
4.541666666666666060e+03
4.545833333333333030e+03
4.550000000000000000e+03
4.554166666666666970e+03
4.558333333333333030e+03
4.562500000000000000e+03
4.566666666666666060e+03
4.570833333333333030e+03
4.575000000000000000e+03
4.579166666666666970e+03
4.583333333333333030e+03
4.587500000000000000e+03
4.591666666666666060e+03
4.595833333333333030e+03
4.600000000000000000e+03
4.604166666666666060e+03
4.608333333333333030e+03
4.612500000000000000e+03
4.616666666666666060e+03
4.620833333333333030e+03
4.625000000000000000e+03
4.629166666666666060e+03
4.633333333333333030e+03
4.637500000000000000e+03
4.641666666666666060e+03
4.645833333333333030e+03
4.650000000000000000e+03
4.654166666666666060e+03
4.658333333333333030e+03
4.662500000000000000e+03
4.666666666666666970e+03
4.670833333333333030e+03
4.675000000000000000e+03
4.679166666666666060e+03
4.683333333333333030e+03
4.687500000000000000e+03
4.691666666666666970e+03
4.695833333333333030e+03
4.699999999999999091e+03
4.704166666666666060e+03
4.708333333333333030e+03
4.712500000000000000e+03
4.716666666666666970e+03
4.720833333333333030e+03
4.724999999999999091e+03
4.729166666666666060e+03
4.733333333333333030e+03
4.737500000000000000e+03
4.741666666666666970e+03
4.745833333333333030e+03
4.750000000000000000e+03
4.754166666666666060e+03
4.758333333333333030e+03
4.762500000000000000e+03
4.766666666666666970e+03
4.770833333333333030e+03
4.775000000000000000e+03
4.779166666666666060e+03
4.783333333333333030e+03
4.787500000000000000e+03
4.791666666666666970e+03
4.795833333333333030e+03
4.800000000000000000e+03
4.804166666666666060e+03
4.808333333333333030e+03
4.812500000000000000e+03
4.816666666666666970e+03
4.820833333333333030e+03
4.825000000000000000e+03
4.829166666666666060e+03
4.833333333333333030e+03
4.837500000000000000e+03
4.841666666666666970e+03
4.845833333333333030e+03
4.850000000000000000e+03
4.854166666666666060e+03
4.858333333333333030e+03
4.862500000000000000e+03
4.866666666666666970e+03
4.870833333333333030e+03
4.875000000000000000e+03
4.879166666666666060e+03
4.883333333333333030e+03
4.887500000000000000e+03
4.891666666666666970e+03
4.895833333333333030e+03
4.900000000000000000e+03
4.904166666666666060e+03
4.908333333333333030e+03
4.912500000000000000e+03
4.916666666666666060e+03
4.920833333333333030e+03
4.925000000000000000e+03
4.929166666666666060e+03
4.933333333333333030e+03
4.937500000000000000e+03
4.941666666666666060e+03
4.945833333333333030e+03
4.950000000000000000e+03
4.954166666666666060e+03
4.958333333333333030e+03
4.962500000000000000e+03
4.966666666666666060e+03
4.970833333333333030e+03
4.975000000000000000e+03
4.979166666666666060e+03
4.983333333333333030e+03
4.987500000000000000e+03
4.991666666666666060e+03
4.995833333333333030e+03
5.000000000000000000e+03
5.004166666666666060e+03
5.008333333333333030e+03
5.012499999999999091e+03
5.016666666666666970e+03
5.020833333333333030e+03
5.024999999999999091e+03
5.029166666666666970e+03
5.033333333333333030e+03
5.037500000000000000e+03
5.041666666666666060e+03
5.045833333333333940e+03
5.050000000000000000e+03
5.054166666666666060e+03
5.058333333333333030e+03
5.062499999999999091e+03
5.066666666666666970e+03
5.070833333333333030e+03
5.074999999999999091e+03
5.079166666666666970e+03
5.083333333333333030e+03
5.087500000000000000e+03
5.091666666666666060e+03
5.095833333333333940e+03
5.100000000000000000e+03
5.104166666666666060e+03
5.108333333333333030e+03
5.112500000000000000e+03
5.116666666666666970e+03
5.120833333333333030e+03
5.124999999999999091e+03
5.129166666666666970e+03
5.133333333333333030e+03
5.137500000000000000e+03
5.141666666666666060e+03
5.145833333333332121e+03
5.150000000000000000e+03
5.154166666666666060e+03
5.158333333333333030e+03
5.162500000000000000e+03
5.166666666666666970e+03
5.170833333333333030e+03
5.174999999999999091e+03
5.179166666666666970e+03
5.183333333333333030e+03
5.187500000000000000e+03
5.191666666666666060e+03
5.195833333333333030e+03
5.200000000000000000e+03
5.204166666666666060e+03
5.208333333333333030e+03
5.212500000000000000e+03
5.216666666666666060e+03
5.220833333333333030e+03
5.224999999999999091e+03
5.229166666666666970e+03
5.233333333333333030e+03
5.237500000000000000e+03
5.241666666666666060e+03
5.245833333333333030e+03
5.250000000000000000e+03
5.254166666666666060e+03
5.258333333333333940e+03
5.262500000000000000e+03
5.266666666666666060e+03
5.270833333333333030e+03
5.274999999999999091e+03
5.279166666666666970e+03
5.283333333333333030e+03
5.287500000000000000e+03
5.291666666666666060e+03
5.295833333333333030e+03
5.300000000000000000e+03
5.304166666666666060e+03
5.308333333333333940e+03
5.312500000000000000e+03
5.316666666666666060e+03
5.320833333333333030e+03
5.324999999999999091e+03
5.329166666666666970e+03
5.333333333333333030e+03
5.337499999999999091e+03
5.341666666666666970e+03
5.345833333333333030e+03
5.350000000000000000e+03
5.354166666666666060e+03
5.358333333333333940e+03
5.362500000000000000e+03
5.366666666666666060e+03
5.370833333333333030e+03
5.374999999999999091e+03
5.379166666666666970e+03
5.383333333333333030e+03
5.387499999999999091e+03
5.391666666666666970e+03
5.395833333333333030e+03
5.400000000000000000e+03
5.404166666666666060e+03
5.408333333333333940e+03
5.412500000000000000e+03
5.416666666666666060e+03
5.420833333333333030e+03
5.425000000000000000e+03
5.429166666666666970e+03
5.433333333333333030e+03
5.437499999999999091e+03
5.441666666666666970e+03
5.445833333333333030e+03
5.450000000000000000e+03
5.454166666666666060e+03
5.458333333333332121e+03
5.462500000000000000e+03
5.466666666666666060e+03
5.470833333333333030e+03
5.475000000000000000e+03
5.479166666666666970e+03
5.483333333333333030e+03
5.487499999999999091e+03
5.491666666666666970e+03
5.495833333333333030e+03
5.500000000000000000e+03
5.504166666666666060e+03
5.508333333333333030e+03
5.512500000000000000e+03
5.516666666666666060e+03
5.520833333333333030e+03
5.525000000000000000e+03
5.529166666666666060e+03
5.533333333333333030e+03
5.537499999999999091e+03
5.541666666666666970e+03
5.545833333333333030e+03
5.550000000000000000e+03
5.554166666666666060e+03
5.558333333333333030e+03
5.562500000000000000e+03
5.566666666666666060e+03
5.570833333333333030e+03
5.575000000000000000e+03
5.579166666666666060e+03
5.583333333333333030e+03
5.587499999999999091e+03
5.591666666666666970e+03
5.595833333333333030e+03
5.600000000000000000e+03
5.604166666666666060e+03
5.608333333333333030e+03
5.612500000000000000e+03
5.616666666666666060e+03
5.620833333333333940e+03
5.625000000000000000e+03
5.629166666666666060e+03
5.633333333333333030e+03
5.637499999999999091e+03
5.641666666666666970e+03
5.645833333333333030e+03
5.649999999999999091e+03
5.654166666666666060e+03
5.658333333333333030e+03
5.662500000000000000e+03
5.666666666666666060e+03
5.670833333333333940e+03
5.675000000000000000e+03
5.679166666666666060e+03
5.683333333333333030e+03
5.687499999999999091e+03
5.691666666666666970e+03
5.695833333333333030e+03
5.699999999999999091e+03
5.704166666666666970e+03
5.708333333333333030e+03
5.712500000000000000e+03
5.716666666666666060e+03
5.720833333333333940e+03
5.725000000000000000e+03
5.729166666666666060e+03
5.733333333333333030e+03
5.737500000000000000e+03
5.741666666666666970e+03
5.745833333333333030e+03
5.749999999999999091e+03
5.754166666666666970e+03
5.758333333333333030e+03
5.762500000000000000e+03
5.766666666666666060e+03
5.770833333333332121e+03
5.775000000000000000e+03
5.779166666666666060e+03
5.783333333333333030e+03
5.787500000000000000e+03
5.791666666666666970e+03
5.795833333333333030e+03
5.799999999999999091e+03
5.804166666666666970e+03
5.808333333333333030e+03
5.812500000000000000e+03
5.816666666666666060e+03
5.820833333333333030e+03
5.825000000000000000e+03
5.829166666666666060e+03
5.833333333333333030e+03
5.837500000000000000e+03
5.841666666666666060e+03
5.845833333333333030e+03
5.849999999999999091e+03
5.854166666666666970e+03
5.858333333333333030e+03
5.862500000000000000e+03
5.866666666666666060e+03
5.870833333333333030e+03
5.875000000000000000e+03
5.879166666666666060e+03
5.883333333333333030e+03
5.887500000000000000e+03
5.891666666666666060e+03
5.895833333333333030e+03
5.899999999999999091e+03
5.904166666666666970e+03
5.908333333333333030e+03
5.912500000000000000e+03
5.916666666666666060e+03
5.920833333333333030e+03
5.925000000000000000e+03
5.929166666666666060e+03
5.933333333333333940e+03
5.937500000000000000e+03
5.941666666666666060e+03
5.945833333333333030e+03
5.949999999999999091e+03
5.954166666666666970e+03
5.958333333333333030e+03
5.962499999999999091e+03
5.966666666666666060e+03
5.970833333333333030e+03
5.975000000000000000e+03
5.979166666666666060e+03
5.983333333333333940e+03
5.987500000000000000e+03
5.991666666666666060e+03
5.995833333333333030e+03
5.999999999999999091e+03
6.004166666666666970e+03
6.008333333333333030e+03
6.012499999999999091e+03
6.016666666666666970e+03
6.020833333333333030e+03
6.025000000000000000e+03
6.029166666666666060e+03
6.033333333333333940e+03
6.037500000000000000e+03
6.041666666666666060e+03
6.045833333333333030e+03
6.049999999999999091e+03
6.054166666666666970e+03
6.058333333333333030e+03
6.062499999999999091e+03
6.066666666666666970e+03
6.070833333333333030e+03
6.075000000000000000e+03
6.079166666666666060e+03
6.083333333333332121e+03
6.087500000000000000e+03
6.091666666666666060e+03
6.095833333333333030e+03
6.100000000000000000e+03
6.104166666666666970e+03
6.108333333333333030e+03
6.112499999999999091e+03
6.116666666666666970e+03
6.120833333333333030e+03
6.125000000000000000e+03
6.129166666666666060e+03
6.133333333333332121e+03
6.137500000000000000e+03
6.141666666666666060e+03
6.145833333333333030e+03
6.150000000000000000e+03
6.154166666666666060e+03
6.158333333333333030e+03
6.162499999999999091e+03
6.166666666666666970e+03
6.170833333333333030e+03
6.175000000000000000e+03
6.179166666666666060e+03
6.183333333333333030e+03
6.187500000000000000e+03
6.191666666666666060e+03
6.195833333333333030e+03
6.200000000000000000e+03
6.204166666666666060e+03
6.208333333333333030e+03
6.212499999999999091e+03
6.216666666666666970e+03
6.220833333333333030e+03
6.225000000000000000e+03
6.229166666666666060e+03
6.233333333333333030e+03
6.237500000000000000e+03
6.241666666666666060e+03
6.245833333333333940e+03
6.250000000000000000e+03
6.254166666666666060e+03
6.258333333333333030e+03
6.262499999999999091e+03
6.266666666666666970e+03
6.270833333333333030e+03
6.274999999999999091e+03
6.279166666666666060e+03
6.283333333333333030e+03
6.287500000000000000e+03
6.291666666666666060e+03
6.295833333333333940e+03
6.300000000000000000e+03
6.304166666666666060e+03
6.308333333333333030e+03
6.312499999999999091e+03
6.316666666666666970e+03
6.320833333333333030e+03
6.324999999999999091e+03
6.329166666666666970e+03
6.333333333333333030e+03
6.337500000000000000e+03
6.341666666666666060e+03
6.345833333333333940e+03
6.350000000000000000e+03
6.354166666666666060e+03
6.358333333333333030e+03
6.362499999999999091e+03
6.366666666666666970e+03
6.370833333333333030e+03
6.374999999999999091e+03
6.379166666666666970e+03
6.383333333333333030e+03
6.387500000000000000e+03
6.391666666666666060e+03
6.395833333333332121e+03
6.400000000000000000e+03
6.404166666666666060e+03
6.408333333333333030e+03
6.412500000000000000e+03
6.416666666666666970e+03
6.420833333333333030e+03
6.424999999999999091e+03
6.429166666666666970e+03
6.433333333333333030e+03
6.437500000000000000e+03
6.441666666666666060e+03
6.445833333333332121e+03
6.450000000000000000e+03
6.454166666666666060e+03
6.458333333333333030e+03
6.462500000000000000e+03
6.466666666666666060e+03
6.470833333333333030e+03
6.474999999999999091e+03
6.479166666666666970e+03
6.483333333333333030e+03
6.487500000000000000e+03
6.491666666666666060e+03
6.495833333333333030e+03
6.500000000000000000e+03
6.504166666666666060e+03
6.508333333333333030e+03
6.512500000000000000e+03
6.516666666666666060e+03
6.520833333333333030e+03
6.524999999999999091e+03
6.529166666666666970e+03
6.533333333333333030e+03
6.537500000000000000e+03
6.541666666666666060e+03
6.545833333333333030e+03
6.550000000000000000e+03
6.554166666666666060e+03
6.558333333333333030e+03
6.562500000000000000e+03
6.566666666666666060e+03
6.570833333333333030e+03
6.574999999999999091e+03
6.579166666666666970e+03
6.583333333333333030e+03
6.587499999999999091e+03
6.591666666666666060e+03
6.595833333333333030e+03
6.600000000000000000e+03
6.604166666666666060e+03
6.608333333333333940e+03
6.612500000000000000e+03
6.616666666666666060e+03
6.620833333333333030e+03
6.624999999999999091e+03
6.629166666666666970e+03
6.633333333333333030e+03
6.637499999999999091e+03
6.641666666666666060e+03
6.645833333333333030e+03
6.650000000000000000e+03
6.654166666666666060e+03
6.658333333333333940e+03
6.662500000000000000e+03
6.666666666666666060e+03
6.670833333333333030e+03
6.674999999999999091e+03
6.679166666666666970e+03
6.683333333333333030e+03
6.687499999999999091e+03
6.691666666666666970e+03
6.695833333333333030e+03
6.700000000000000000e+03
6.704166666666666060e+03
6.708333333333332121e+03
6.712500000000000000e+03
6.716666666666666060e+03
6.720833333333333030e+03
6.724999999999999091e+03
6.729166666666666970e+03
6.733333333333333030e+03
6.737499999999999091e+03
6.741666666666666970e+03
6.745833333333333030e+03
6.750000000000000000e+03
6.754166666666666060e+03
6.758333333333332121e+03
6.762500000000000000e+03
6.766666666666666060e+03
6.770833333333333030e+03
6.775000000000000000e+03
6.779166666666666060e+03
6.783333333333333030e+03
6.787499999999999091e+03
6.791666666666666970e+03
6.795833333333333030e+03
6.800000000000000000e+03
6.804166666666666060e+03
6.808333333333333030e+03
6.812500000000000000e+03
6.816666666666666060e+03
6.820833333333333030e+03
6.825000000000000000e+03
6.829166666666666060e+03
6.833333333333333030e+03
6.837499999999999091e+03
6.841666666666666970e+03
6.845833333333333030e+03
6.850000000000000000e+03
6.854166666666666060e+03
6.858333333333333030e+03
6.862500000000000000e+03
6.866666666666666060e+03
6.870833333333333030e+03
6.875000000000000000e+03
6.879166666666666060e+03
6.883333333333333030e+03
6.887499999999999091e+03
6.891666666666666970e+03
6.895833333333333030e+03
6.899999999999999091e+03
6.904166666666666060e+03
6.908333333333333030e+03
6.912500000000000000e+03
6.916666666666666060e+03
6.920833333333333940e+03
6.925000000000000000e+03
6.929166666666666060e+03
6.933333333333333030e+03
6.937499999999999091e+03
6.941666666666666970e+03
6.945833333333333030e+03
6.949999999999999091e+03
6.954166666666666060e+03
6.958333333333333030e+03
6.962500000000000000e+03
6.966666666666666060e+03
6.970833333333333940e+03
6.975000000000000000e+03
6.979166666666666060e+03
6.983333333333333030e+03
6.987499999999999091e+03
6.991666666666666970e+03
6.995833333333333030e+03
6.999999999999999091e+03
7.004166666666666970e+03
7.008333333333333030e+03
7.012500000000000000e+03
7.016666666666666060e+03
7.020833333333332121e+03
7.025000000000000000e+03
7.029166666666666060e+03
7.033333333333333030e+03
7.037499999999999091e+03
7.041666666666666970e+03
7.045833333333333030e+03
7.049999999999999091e+03
7.054166666666666970e+03
7.058333333333333030e+03
7.062500000000000000e+03
7.066666666666666060e+03
7.070833333333332121e+03
7.075000000000000000e+03
7.079166666666666060e+03
7.083333333333333030e+03
7.087500000000000000e+03
7.091666666666666060e+03
7.095833333333333030e+03
7.099999999999999091e+03
7.104166666666666970e+03
7.108333333333333030e+03
7.112500000000000000e+03
7.116666666666666060e+03
7.120833333333332121e+03
7.125000000000000000e+03
7.129166666666666060e+03
7.133333333333333030e+03
7.137500000000000000e+03
7.141666666666666060e+03
7.145833333333333030e+03
7.149999999999999091e+03
7.154166666666666970e+03
7.158333333333333030e+03
7.162500000000000000e+03
7.166666666666666060e+03
7.170833333333333030e+03
7.175000000000000000e+03
7.179166666666666060e+03
7.183333333333333030e+03
7.187500000000000000e+03
7.191666666666666060e+03
7.195833333333333030e+03
7.199999999999999091e+03
7.204166666666666970e+03
7.208333333333333030e+03
7.212499999999999091e+03
7.216666666666666060e+03
7.220833333333333030e+03
7.225000000000000000e+03
7.229166666666666060e+03
7.233333333333333940e+03
7.237500000000000000e+03
7.241666666666666060e+03
7.245833333333333030e+03
7.249999999999999091e+03
7.254166666666666970e+03
7.258333333333333030e+03
7.262499999999999091e+03
7.266666666666666060e+03
7.270833333333333030e+03
7.275000000000000000e+03
7.279166666666666060e+03
7.283333333333333940e+03
7.287500000000000000e+03
7.291666666666666060e+03
7.295833333333333030e+03
7.299999999999999091e+03
7.304166666666666970e+03
7.308333333333333030e+03
7.312499999999999091e+03
7.316666666666666970e+03
7.320833333333333030e+03
7.325000000000000000e+03
7.329166666666666060e+03
7.333333333333332121e+03
7.337500000000000000e+03
7.341666666666666060e+03
7.345833333333333030e+03
7.349999999999999091e+03
7.354166666666666970e+03
7.358333333333333030e+03
7.362499999999999091e+03
7.366666666666666970e+03
7.370833333333333030e+03
7.375000000000000000e+03
7.379166666666666060e+03
7.383333333333332121e+03
7.387500000000000000e+03
7.391666666666666060e+03
7.395833333333333030e+03
7.400000000000000000e+03
7.404166666666666060e+03
7.408333333333333030e+03
7.412499999999999091e+03
7.416666666666666970e+03
7.420833333333333030e+03
7.425000000000000000e+03
7.429166666666666060e+03
7.433333333333332121e+03
7.437500000000000000e+03
7.441666666666666060e+03
7.445833333333333030e+03
7.450000000000000000e+03
7.454166666666666060e+03
7.458333333333333030e+03
7.462499999999999091e+03
7.466666666666666970e+03
7.470833333333333030e+03
7.475000000000000000e+03
7.479166666666666060e+03
7.483333333333333030e+03
7.487500000000000000e+03
7.491666666666666060e+03
7.495833333333333030e+03
7.500000000000000000e+03
7.504166666666666060e+03
7.508333333333333030e+03
7.512499999999999091e+03
7.516666666666666970e+03
7.520833333333333030e+03
7.524999999999999091e+03
7.529166666666666060e+03
7.533333333333333030e+03
7.537500000000000000e+03
7.541666666666666060e+03
7.545833333333333030e+03
7.550000000000000000e+03
7.554166666666666060e+03
7.558333333333333030e+03
7.562499999999999091e+03
7.566666666666666970e+03
7.570833333333333030e+03
7.574999999999999091e+03
7.579166666666666060e+03
7.583333333333333030e+03
7.587500000000000000e+03
7.591666666666666060e+03
7.595833333333333940e+03
7.600000000000000000e+03
7.604166666666666060e+03
7.608333333333333030e+03
7.612499999999999091e+03
7.616666666666666970e+03
7.620833333333333030e+03
7.624999999999999091e+03
7.629166666666666060e+03
7.633333333333333030e+03
7.637500000000000000e+03
7.641666666666666060e+03
7.645833333333332121e+03
7.650000000000000000e+03
7.654166666666666060e+03
7.658333333333333030e+03
7.662499999999999091e+03
7.666666666666666970e+03
7.670833333333333030e+03
7.674999999999999091e+03
7.679166666666666970e+03
7.683333333333333030e+03
7.687500000000000000e+03
7.691666666666666060e+03
7.695833333333332121e+03
7.700000000000000000e+03
7.704166666666666060e+03
7.708333333333333030e+03
7.712499999999999091e+03
7.716666666666666060e+03
7.720833333333333030e+03
7.724999999999999091e+03
7.729166666666666970e+03
7.733333333333333030e+03
7.737500000000000000e+03
7.741666666666666060e+03
7.745833333333332121e+03
7.750000000000000000e+03
7.754166666666666060e+03
7.758333333333333030e+03
7.762500000000000000e+03
7.766666666666666060e+03
7.770833333333333030e+03
7.774999999999999091e+03
7.779166666666666970e+03
7.783333333333333030e+03
7.787500000000000000e+03
7.791666666666666060e+03
7.795833333333332121e+03
7.800000000000000000e+03
7.804166666666666060e+03
7.808333333333333030e+03
7.812500000000000000e+03
7.816666666666666060e+03
7.820833333333333030e+03
7.824999999999999091e+03
7.829166666666666970e+03
7.833333333333333030e+03
7.837499999999999091e+03
7.841666666666666060e+03
7.845833333333333030e+03
7.850000000000000000e+03
7.854166666666666060e+03
7.858333333333333030e+03
7.862500000000000000e+03
7.866666666666666060e+03
7.870833333333333030e+03
7.874999999999999091e+03
7.879166666666666970e+03
7.883333333333333030e+03
7.887499999999999091e+03
7.891666666666666060e+03
7.895833333333333030e+03
7.900000000000000000e+03
7.904166666666666060e+03
7.908333333333333940e+03
7.912500000000000000e+03
7.916666666666666060e+03
7.920833333333333030e+03
7.924999999999999091e+03
7.929166666666666970e+03
7.933333333333333030e+03
7.937499999999999091e+03
7.941666666666666060e+03
7.945833333333333030e+03
7.950000000000000000e+03
7.954166666666666060e+03
7.958333333333332121e+03
7.962500000000000000e+03
7.966666666666666060e+03
7.970833333333333030e+03
7.974999999999999091e+03
7.979166666666666970e+03
7.983333333333333030e+03
7.987499999999999091e+03
7.991666666666666970e+03
7.995833333333333030e+03
8.000000000000000000e+03
8.004166666666666060e+03
8.008333333333332121e+03
8.012500000000000000e+03
8.016666666666666060e+03
8.020833333333333030e+03
8.024999999999999091e+03
8.029166666666666060e+03
8.033333333333333030e+03
8.037499999999999091e+03
8.041666666666666970e+03
8.045833333333333030e+03
8.050000000000000000e+03
8.054166666666666060e+03
8.058333333333332121e+03
8.062500000000000000e+03
8.066666666666666060e+03
8.070833333333333030e+03
8.075000000000000000e+03
8.079166666666666060e+03
8.083333333333333030e+03
8.087499999999999091e+03
8.091666666666666970e+03
8.095833333333333030e+03
8.100000000000000000e+03
8.104166666666666060e+03
8.108333333333332121e+03
8.112500000000000000e+03
8.116666666666666060e+03
8.120833333333333030e+03
8.125000000000000000e+03
8.129166666666666060e+03
8.133333333333333030e+03
8.137499999999999091e+03
8.141666666666666970e+03
8.145833333333333030e+03
8.149999999999999091e+03
8.154166666666666060e+03
8.158333333333333030e+03
8.162500000000000000e+03
8.166666666666666060e+03
8.170833333333333030e+03
8.175000000000000000e+03
8.179166666666666060e+03
8.183333333333333030e+03
8.187499999999999091e+03
8.191666666666666970e+03
8.195833333333332121e+03
8.200000000000000000e+03
8.204166666666666060e+03
8.208333333333332121e+03
8.212500000000000000e+03
8.216666666666666060e+03
8.220833333333333940e+03
8.225000000000000000e+03
8.229166666666666060e+03
8.233333333333333940e+03
8.237500000000000000e+03
8.241666666666666060e+03
8.245833333333332121e+03
8.250000000000000000e+03
8.254166666666666060e+03
8.258333333333332121e+03
8.262500000000000000e+03
8.266666666666666060e+03
8.270833333333332121e+03
8.275000000000000000e+03
8.279166666666666060e+03
8.283333333333333940e+03
8.287500000000000000e+03
8.291666666666666060e+03
8.295833333333332121e+03
8.300000000000000000e+03
8.304166666666666060e+03
8.308333333333332121e+03
8.312500000000000000e+03
8.316666666666666060e+03
8.320833333333332121e+03
8.325000000000000000e+03
8.329166666666666060e+03
8.333333333333333940e+03
8.337500000000000000e+03
8.341666666666666060e+03
8.345833333333333940e+03
8.350000000000000000e+03
8.354166666666666060e+03
8.358333333333332121e+03
8.362500000000000000e+03
8.366666666666666060e+03
8.370833333333332121e+03
8.375000000000000000e+03
8.379166666666666060e+03
8.383333333333333940e+03
8.387500000000000000e+03
8.391666666666666060e+03
8.395833333333333940e+03
8.400000000000000000e+03
8.404166666666666060e+03
8.408333333333332121e+03
8.412500000000000000e+03
8.416666666666666060e+03
8.420833333333332121e+03
8.425000000000000000e+03
8.429166666666666060e+03
8.433333333333333940e+03
8.437500000000000000e+03
8.441666666666666060e+03
8.445833333333333940e+03
8.450000000000000000e+03
8.454166666666666060e+03
8.458333333333332121e+03
8.462499999999998181e+03
8.466666666666666060e+03
8.470833333333332121e+03
8.475000000000000000e+03
8.479166666666666060e+03
8.483333333333333940e+03
8.487500000000000000e+03
8.491666666666666060e+03
8.495833333333333940e+03
8.500000000000000000e+03
8.504166666666666060e+03
8.508333333333332121e+03
8.512500000000000000e+03
8.516666666666666060e+03
8.520833333333332121e+03
8.525000000000000000e+03
8.529166666666666060e+03
8.533333333333333940e+03
8.537500000000000000e+03
8.541666666666666060e+03
8.545833333333333940e+03
8.550000000000000000e+03
8.554166666666666060e+03
8.558333333333332121e+03
8.562500000000000000e+03
8.566666666666666060e+03
8.570833333333332121e+03
8.575000000000000000e+03
8.579166666666666060e+03
8.583333333333332121e+03
8.587500000000000000e+03
8.591666666666666060e+03
8.595833333333333940e+03
8.600000000000000000e+03
8.604166666666666060e+03
8.608333333333332121e+03
8.612500000000000000e+03
8.616666666666666060e+03
8.620833333333332121e+03
8.625000000000000000e+03
8.629166666666666060e+03
8.633333333333332121e+03
8.637500000000000000e+03
8.641666666666666060e+03
8.645833333333333940e+03
8.650000000000000000e+03
8.654166666666666060e+03
8.658333333333332121e+03
8.662500000000000000e+03
8.666666666666666060e+03
8.670833333333332121e+03
8.675000000000000000e+03
8.679166666666666060e+03
8.683333333333332121e+03
8.687500000000000000e+03
8.691666666666666060e+03
8.695833333333333940e+03
8.700000000000000000e+03
8.704166666666666060e+03
8.708333333333333940e+03
8.712500000000000000e+03
8.716666666666666060e+03
8.720833333333332121e+03
8.725000000000000000e+03
8.729166666666666060e+03
8.733333333333332121e+03
8.737500000000000000e+03
8.741666666666666060e+03
8.745833333333333940e+03
8.750000000000000000e+03
8.754166666666666060e+03
8.758333333333333940e+03
8.762500000000000000e+03
8.766666666666666060e+03
8.770833333333332121e+03
8.774999999999998181e+03
8.779166666666666060e+03
8.783333333333332121e+03
8.787500000000000000e+03
8.791666666666666060e+03
8.795833333333333940e+03
8.800000000000000000e+03
8.804166666666666060e+03
8.808333333333333940e+03
8.812500000000000000e+03
8.816666666666666060e+03
8.820833333333332121e+03
8.824999999999998181e+03
8.829166666666666060e+03
8.833333333333332121e+03
8.837500000000000000e+03
8.841666666666666060e+03
8.845833333333333940e+03
8.850000000000000000e+03
8.854166666666666060e+03
8.858333333333333940e+03
8.862500000000000000e+03
8.866666666666666060e+03
8.870833333333332121e+03
8.875000000000000000e+03
8.879166666666666060e+03
8.883333333333332121e+03
8.887500000000000000e+03
8.891666666666666060e+03
8.895833333333332121e+03
8.900000000000000000e+03
8.904166666666666060e+03
8.908333333333333940e+03
8.912500000000000000e+03
8.916666666666666060e+03
8.920833333333332121e+03
8.925000000000000000e+03
8.929166666666666060e+03
8.933333333333332121e+03
8.937500000000000000e+03
8.941666666666666060e+03
8.945833333333332121e+03
8.950000000000000000e+03
8.954166666666666060e+03
8.958333333333333940e+03
8.962500000000000000e+03
8.966666666666666060e+03
8.970833333333332121e+03
8.975000000000000000e+03
8.979166666666666060e+03
8.983333333333332121e+03
8.987500000000000000e+03
8.991666666666666060e+03
8.995833333333332121e+03
9.000000000000000000e+03
9.004166666666666060e+03
9.008333333333333940e+03
9.012500000000000000e+03
9.016666666666666060e+03
9.020833333333333940e+03
9.025000000000000000e+03
9.029166666666666060e+03
9.033333333333332121e+03
9.037500000000000000e+03
9.041666666666666060e+03
9.045833333333332121e+03
9.050000000000000000e+03
9.054166666666666060e+03
9.058333333333333940e+03
9.062500000000000000e+03
9.066666666666666060e+03
9.070833333333333940e+03
9.075000000000000000e+03
9.079166666666666060e+03
9.083333333333332121e+03
9.087499999999998181e+03
9.091666666666666060e+03
9.095833333333332121e+03
9.100000000000000000e+03
9.104166666666666060e+03
9.108333333333333940e+03
9.112500000000000000e+03
9.116666666666666060e+03
9.120833333333333940e+03
9.125000000000000000e+03
9.129166666666666060e+03
9.133333333333332121e+03
9.137499999999998181e+03
9.141666666666666060e+03
9.145833333333332121e+03
9.150000000000000000e+03
9.154166666666666060e+03
9.158333333333333940e+03
9.162500000000000000e+03
9.166666666666666060e+03
9.170833333333333940e+03
9.175000000000000000e+03
9.179166666666666060e+03
9.183333333333332121e+03
9.187500000000000000e+03
9.191666666666666060e+03
9.195833333333332121e+03
9.200000000000000000e+03
9.204166666666666060e+03
9.208333333333332121e+03
9.212500000000000000e+03
9.216666666666666060e+03
9.220833333333333940e+03
9.225000000000000000e+03
9.229166666666666060e+03
9.233333333333332121e+03
9.237500000000000000e+03
9.241666666666666060e+03
9.245833333333332121e+03
9.250000000000000000e+03
9.254166666666666060e+03
9.258333333333332121e+03
9.262500000000000000e+03
9.266666666666666060e+03
9.270833333333333940e+03
9.275000000000000000e+03
9.279166666666666060e+03
9.283333333333332121e+03
9.287500000000000000e+03
9.291666666666666060e+03
9.295833333333332121e+03
9.300000000000000000e+03
9.304166666666666060e+03
9.308333333333332121e+03
9.312500000000000000e+03
9.316666666666666060e+03
9.320833333333333940e+03
9.325000000000000000e+03
9.329166666666666060e+03
9.333333333333333940e+03
9.337500000000000000e+03
9.341666666666666060e+03
9.345833333333332121e+03
9.350000000000000000e+03
9.354166666666666060e+03
9.358333333333332121e+03
9.362500000000000000e+03
9.366666666666666060e+03
9.370833333333333940e+03
9.375000000000000000e+03
9.379166666666666060e+03
9.383333333333333940e+03
9.387500000000000000e+03
9.391666666666666060e+03
9.395833333333332121e+03
9.399999999999998181e+03
9.404166666666666060e+03
9.408333333333332121e+03
9.412500000000000000e+03
9.416666666666666060e+03
9.420833333333333940e+03
9.425000000000000000e+03
9.429166666666666060e+03
9.433333333333333940e+03
9.437500000000000000e+03
9.441666666666666060e+03
9.445833333333332121e+03
9.449999999999998181e+03
9.454166666666666060e+03
9.458333333333332121e+03
9.462500000000000000e+03
9.466666666666666060e+03
9.470833333333333940e+03
9.475000000000000000e+03
9.479166666666666060e+03
9.483333333333333940e+03
9.487500000000000000e+03
9.491666666666666060e+03
9.495833333333332121e+03
9.500000000000000000e+03
9.504166666666666060e+03
9.508333333333332121e+03
9.512500000000000000e+03
9.516666666666666060e+03
9.520833333333332121e+03
9.525000000000000000e+03
9.529166666666666060e+03
9.533333333333333940e+03
9.537500000000000000e+03
9.541666666666666060e+03
9.545833333333332121e+03
9.550000000000000000e+03
9.554166666666666060e+03
9.558333333333332121e+03
9.562500000000000000e+03
9.566666666666666060e+03
9.570833333333332121e+03
9.575000000000000000e+03
9.579166666666666060e+03
9.583333333333333940e+03
9.587500000000000000e+03
9.591666666666666060e+03
9.595833333333332121e+03
9.600000000000000000e+03
9.604166666666666060e+03
9.608333333333332121e+03
9.612500000000000000e+03
9.616666666666666060e+03
9.620833333333332121e+03
9.625000000000000000e+03
9.629166666666666060e+03
9.633333333333333940e+03
9.637500000000000000e+03
9.641666666666666060e+03
9.645833333333332121e+03
9.650000000000000000e+03
9.654166666666666060e+03
9.658333333333332121e+03
9.662500000000000000e+03
9.666666666666666060e+03
9.670833333333332121e+03
9.675000000000000000e+03
9.679166666666666060e+03
9.683333333333333940e+03
9.687500000000000000e+03
9.691666666666666060e+03
9.695833333333333940e+03
9.700000000000000000e+03
9.704166666666666060e+03
9.708333333333332121e+03
9.712499999999998181e+03
9.716666666666666060e+03
9.720833333333332121e+03
9.725000000000000000e+03
9.729166666666666060e+03
9.733333333333333940e+03
9.737500000000000000e+03
9.741666666666666060e+03
9.745833333333333940e+03
9.750000000000000000e+03
9.754166666666666060e+03
9.758333333333332121e+03
9.762499999999998181e+03
9.766666666666666060e+03
9.770833333333332121e+03
9.775000000000000000e+03
9.779166666666666060e+03
9.783333333333333940e+03
9.787500000000000000e+03
9.791666666666666060e+03
9.795833333333333940e+03
9.800000000000000000e+03
9.804166666666666060e+03
9.808333333333332121e+03
9.812499999999998181e+03
9.816666666666666060e+03
9.820833333333332121e+03
9.825000000000000000e+03
9.829166666666666060e+03
9.833333333333332121e+03
9.837500000000000000e+03
9.841666666666666060e+03
9.845833333333333940e+03
9.850000000000000000e+03
9.854166666666666060e+03
9.858333333333332121e+03
9.862500000000000000e+03
9.866666666666666060e+03
9.870833333333332121e+03
9.875000000000000000e+03
9.879166666666666060e+03
9.883333333333332121e+03
9.887500000000000000e+03
9.891666666666666060e+03
9.895833333333333940e+03
9.900000000000000000e+03
9.904166666666666060e+03
9.908333333333332121e+03
9.912500000000000000e+03
9.916666666666666060e+03
9.920833333333332121e+03
9.925000000000000000e+03
9.929166666666666060e+03
9.933333333333332121e+03
9.937500000000000000e+03
9.941666666666666060e+03
9.945833333333333940e+03
9.950000000000000000e+03
9.954166666666666060e+03
9.958333333333332121e+03
9.962500000000000000e+03
9.966666666666666060e+03
9.970833333333332121e+03
9.975000000000000000e+03
9.979166666666666060e+03
9.983333333333332121e+03
9.987500000000000000e+03
9.991666666666666060e+03
9.995833333333333940e+03
