5.646759247465387307e-10
9.545974109575478271e-10
2.831804597289590522e-10
5.249478572491924806e-10
7.384604995013105991e-10
1.069817459671359271e-09
6.022394332691494317e-10
6.894603163166160113e-10
4.870342105111667651e-10
9.748669531781429172e-10
5.041899571565620130e-10
1.846896967187456513e-09
3.000000000000008149e+05
2.973831556515180908e-09
3.216731729709073102e-09
2.076902867190864343e-09
9.543433927000451532e-10
6.753427712008193365e-10
9.694556003590755095e-10
1.015833020823922976e-09
1.439343607802990579e-09
7.791471583288887886e-10
9.625105501756786740e-10
5.203756360438039228e-10
8.593978666707757471e-10
9.017922973605571944e-10
2.323394312622218528e-09
3.819358392200674724e-09
3.235901366731141519e-09
4.276606009179363203e-09
8.995029978639470722e-10
2.095174547667397529e-09
5.858680049347319024e-10
6.509708920760459189e-10
1.058320787833700339e-09
6.625073924311851248e-10
2.759999999999994179e+05
6.123900395500011985e-10
6.967447636853544534e-10
3.378243472472750313e-10
8.537707655475576198e-10
1.059339038794532165e-09
6.369810049301090662e-10
6.299653658319598327e-10
5.306937866109064926e-10
2.707105998284330463e-10
4.431215422738872189e-11
8.803391553428473040e-11
1.927298473501538625e-10
3.706889359931378078e-10
3.574928196111529121e-10
4.446678899663807282e-10
2.189331858937609330e-10
4.723638863649342941e-10
7.553573977200858807e-10
1.086843949517504887e-09
2.942979743408691761e-10
6.741382373887944249e-10
2.286067996399183407e-10
6.150765992608581449e-10
7.754202567730116967e-10
5.084345603687149482e-10
3.308990005045467313e-10
3.305039051384722784e-10
2.638392753603937186e-10
5.457850274740624710e-10
8.637779872122864915e-10
7.581442725505576794e-10
9.124739251305039374e-10
2.349958666970479327e-10
4.218709009084595238e-10
2.930635784450432849e-10
6.545649790355755626e-10
5.451690900209137829e-10
4.396426884628516977e-10
4.520746017715519240e-10
2.651707389869852635e-10
4.119140120654144171e-10
3.075216878574139989e-10
3.636262532580360880e-10
6.766748469111866138e-10
6.514664554339794319e-10
1.120209092990621544e-09
6.941279028066995192e-10
1.058560966991252419e-09
1.942949679751660132e-09
7.622741248921040777e-10
7.886214300166351946e-10
2.580715706802328899e-10
5.416408815438844242e-10
4.074219639266008488e-10
1.713005631862236247e-10
1.308447039448701816e-10
1.500399670826493988e-10
5.417134556791466837e-10
5.631287852256987775e-10
5.392382197847216157e-10
4.556370448545629429e-10
8.723568701646283698e-10
1.601551478255292343e-09
1.407425025081370206e-09
7.674436482850441908e-10
2.390737398282484007e-10
9.121482681554863357e-10
3.117131342220927358e-10
2.004840713456980808e-10
6.862571987988646839e-10
9.885598234981034052e-11
5.729425653181500410e-10
4.859474379073271760e-10
5.657976271950529178e-10
7.428442287310951333e-10
5.908342881438616078e-10
4.002799717211414370e-10
4.536691139562053244e-10
5.358021881779026619e-10
8.205534770654823930e-10
1.080855298368691346e-09
9.847179905533522187e-10
1.817497217866403418e-10
5.967583758220596552e-10
2.189205316677034553e-10
5.281895429000881254e-10
1.108945638302822870e-09
2.621171080538138178e-10
1.300928982116365771e-09
8.483554949230235501e-10
8.276341457618382274e-10
1.249449918549633009e-09
1.257480453143038818e-09
9.109693012769052624e-10
1.669643808303614123e-09
8.254965329189700863e-10
9.761561106899181672e-10
1.252137950295675656e-09
1.411533767149309610e-09
6.188141697135021918e-10
5.769119871153384114e-10
8.116919234510995566e-10
8.147755660333303017e-10
4.075143410698314810e-10
4.678496149118599082e-10
1.429836045668801124e-09
3.698512730655717696e-10
8.157527994723453789e-10
1.508586128407962270e-09
6.001074296318217402e-10
2.163749561157536286e-10
1.009457782093534762e-09
1.253765565473778652e-10
4.218910805467443415e-10
2.522694272816949202e-10
1.299839876128247361e-09
6.602638820124314469e-10
2.995953912518705641e-10
1.266750333630513510e-09
9.790376552433376758e-10
4.720664457254353173e-10
4.854469624141544487e-10
4.293777725496926925e-10
3.209498744511083033e-10
1.220342145785567935e-09
6.084572727183133175e-10
3.003508367340812212e-10
1.613925566259697816e-10
3.104451401730759211e-10
7.738326471653819304e-10
1.595274011583165107e-11
2.358344945529036544e-09
4.899477141971599672e-09
4.666833712418833572e-09
2.982814026528248030e-09
1.139686097035852888e-09
1.485918159773546327e-09
1.914300738987017959e-09
3.656415077680512230e-10
1.252555214975345002e-09
2.109740059135607328e-10
5.753303679768583020e-10
5.011403076490032109e-10
7.912436989174887813e-10
4.593819012429182854e-10
4.202820274013006598e-10
1.114502439160160567e-09
1.359507253619091519e-09
1.483800233886300874e-09
1.310776769813385345e-09
1.267087087806081143e-09
1.413568074350144491e-09
1.295036991961066912e-09
3.432556384646134108e-09
1.572486913801824151e-09
2.366621141411357020e-09
1.098403459469128261e-09
6.802463386217683463e-10
6.212965951381012622e-10
6.424629432113605404e-10
1.346999503251481187e-09
7.357499292591176582e-10
1.355055519573226680e-09
1.998547122547075152e-10
6.264229782120329063e-10
7.740352873566361520e-10
1.913708891917208431e-09
1.418432462612684738e-09
3.384995852510437651e-10
4.041749684050773613e-10
7.534480893316992659e-10
4.738870107173592780e-10
4.670796042376588727e-10
6.031007261929474090e-10
1.862180235802329819e-09
2.438904637401565046e-09
1.872583062864125841e-09
7.118304400779423415e-10
8.857388845530934230e-10
4.727590158375884812e-11
7.752928219626561617e-10
7.090731586161278972e-10
6.893196828163741842e-10
1.997024604328146470e-09
1.354566512946226854e-09
1.015197824292816927e-09
3.035487189893011966e-09
1.482654092515922012e-09
3.371949512244152388e-09
3.185989246187563688e-10
3.007282708135047954e-09
2.641702080657547633e-09
1.756820236907913022e-09
2.729457091857134487e-09
7.484781533744735005e-10
1.217972300995996587e-09
4.193554141705149490e-10
8.517219601285966265e-11
1.309935180032188866e-09
8.167823494572276263e-10
1.590347990773547601e-09
2.765116275645881971e-10
2.782020801193225013e-10
4.371517279498632904e-10
1.713855279625950146e-09
2.670801036632559308e-09
1.647856616020322375e-09
2.823745979897800879e-10
1.015193662821505061e-09
6.647159347033428845e-11
7.979209466895140152e-11
6.338511331842920555e-10
3.746209403936229879e-10
7.859232662326082776e-10
3.082111854762560298e-10
2.468745906396890855e-10
5.319036441933092688e-10
7.126103634555209879e-10
2.048860845022650517e-09
1.464400383964415562e-09
6.141711605047359498e-10
3.501519137179673952e-09
4.185232567816962110e-09
3.135745644441644804e-09
1.010119124244118792e-09
8.481000541303345997e-10
1.335710631502460514e-09
6.787187611865905028e-11
5.840206232104826412e-10
6.235930675165795740e-10
1.171451249477406219e-09
1.107034128927733056e-09
2.448149824109165787e-09
3.076950287864664742e-09
2.347260500508767541e-09
1.615162557395823532e-09
1.437965035975624024e-09
8.131821290153301492e-10
4.619388164422310195e-10
3.221403246517200867e-10
5.694053771179112504e-10
8.741047208799538525e-10
5.531427613589120650e-10
1.079230155691783939e-09
9.518758567778649434e-10
2.345440555529734126e-09
2.088837646467105887e-09
1.787140889114137879e-09
6.247944302850755105e-09
7.323114026297968800e-09
5.971931386135076614e-09
2.482825884856052343e-09
1.890867734587526437e-09
2.256314529179460566e-09
1.856722101078031842e-09
1.380795366047843407e-09
2.030072482135921878e-09
2.349556266754374092e-09
1.900278925577560299e-09
1.211945937608998298e-09
1.682612983805501982e-09
7.601401795615245841e-10
2.990901946673050917e-09
2.399999999999989523e+05
2.327116187748389877e-09
3.545085559643985268e-10
6.241458315135762169e-10
4.631030619460554736e-10
8.811766230693580831e-10
4.726019837708783212e-10
8.363827556153506489e-10
1.423812030156567726e-09
1.049278027960490797e-10
6.073175428478425946e-11
8.720846628890978904e-10
1.832681029957028495e-10
1.057787163782769618e-09
1.061180753129474150e-09
7.942317951499646292e-10
7.878643153944258726e-10
8.035844618619239452e-10
7.342065409072824920e-10
4.264365211997765559e-10
7.260724069836883149e-10
1.641887229456307852e-10
5.607471449330120727e-10
4.233123160748461217e-10
4.052487356577553304e-10
1.650606254006268345e-09
1.224099317092835699e-09
3.646549612520789600e-09
3.330057789862075755e-09
1.867037383978291768e-09
6.879384201293732164e-10
1.290787683166985725e-09
8.581696995720071893e-10
6.939869527810363912e-10
4.302044617594798939e-10
1.144882165927832475e-09
7.616695358031837037e-10
8.319735721041633821e-10
9.998239340940438964e-10
8.618906091677849972e-10
5.910245714773421763e-10
2.307478364782526807e-09
2.539266975014748969e-09
1.834361746282589737e-09
5.268555663689012692e-10
9.684020729617652687e-10
1.226153466924607106e-09
4.413951677516474461e-10
5.868776850230852360e-10
2.970518797868271008e-10
6.331565279097741115e-10
5.295729869477891856e-11
3.726333577041345780e-10
5.204827056206286502e-10
5.509805379247252529e-10
9.955699745855309935e-11
4.979767540308020824e-10
9.868456516880339054e-10
4.101974149532428436e-10
8.640159841004884219e-10
4.609154630349444206e-10
1.009657579200070418e-09
8.358897797016045693e-10
9.874734286127503672e-10
4.149815530051775394e-10
8.076952998292881852e-10
3.517863341667226964e-10
4.526145875846899210e-10
9.512246334590582837e-10
4.335174635277918005e-10
2.472490626376114833e-10
2.393448933855084273e-10
2.343682766059047847e-10
8.424024928980397192e-10
3.087521208576854593e-10
1.131558322937417132e-09
3.196841667606609859e-10
3.313171675150323494e-10
5.938491253935762598e-10
2.703976000694192480e-10
3.129983904398114853e-10
5.178498152082910353e-10
5.765265364673992215e-10
7.825282916211539750e-10
1.003690953121536614e-09
6.542167285305902107e-10
5.626254586335139548e-10
8.926727595215378170e-10
1.675022908593543780e-10
4.397631786388024301e-10
6.707468724885373040e-10
5.430776161136559802e-10
2.206968717896863323e-10
2.936859318621327733e-10
8.780510761389146009e-10
4.778684758577988631e-10
7.819345218651084208e-10
7.148066292932102696e-10
1.980906485574013604e-09
1.662037888766560890e-09
6.560260007349424778e-11
9.456385477687686062e-10
2.690565886351941839e-10
7.519241467782642809e-10
5.246475109223691610e-10
2.476573513000216427e-10
2.267027890001960973e-10
3.352238235052797586e-10
5.781181853363282722e-10
2.891981719344808834e-10
5.839122569409049832e-10
5.706938418291794006e-10
1.340334979816878878e-09
6.348172771289100335e-10
8.036607618389661915e-10
7.894863700956644627e-10
1.579089475123920353e-09
1.310092193297814426e-09
1.429978742656107170e-09
1.195577720240535331e-09
7.106580348908224356e-10
1.193946311063442110e-09
8.155014916994400309e-10
1.249282833150297349e-09
6.694524675100684217e-10
7.283441290544936646e-10
4.251999793014290194e-10
1.136871948555287314e-09
1.441908936934059475e-09
6.999489936302710214e-10
9.838362929443651093e-10
1.493711770456354541e-09
4.728961506864954955e-10
1.971824609993047580e-10
5.762477214503034479e-10
8.423565739112740996e-10
1.455635718399299957e-09
1.931050275543805027e-09
2.689103510987150179e-09
3.029857246933012886e-09
3.402931553454544499e-09
3.620986131430023485e-09
4.218678076237855067e-09
4.407488266010019035e-09
3.824587141261900009e-09
3.759587901774067901e-09
3.093009626726919169e-09
3.157145077326408335e-09
2.716081590857967699e-09
2.286314894541709811e-09
1.370544451214541101e-09
8.628406534112271791e-10
3.669038737597602751e-10
5.140545556730722348e-10
7.229722720995733189e-10
5.525597925688382380e-10
4.978849257154624878e-10
5.274561557313515225e-10
4.568126636600096755e-10
4.583686338506287228e-10
1.796205773517670982e-10
1.272173234777396598e-09
6.924325027419805088e-10
6.967380661187677533e-10
8.261760541099697273e-10
6.609451149757466835e-10
7.911072891102572314e-10
5.517050162164910726e-10
8.169851696804467181e-11
4.071473470247904844e-10
7.015564374707901915e-10
8.253313945303045067e-10
9.490112691375385679e-10
1.129517943537735229e-09
2.495363445757186963e-10
5.505892942499862611e-10
2.381552738670411407e-10
1.043034894605042200e-09
3.870120405206609571e-10
1.948459237448519304e-10
6.312912594210380159e-10
6.555233841387957017e-10
2.887062850297098445e-11
1.159826101090329009e-09
1.055279898743331361e-09
5.735852339480894618e-10
3.000712186714496930e-10
1.016233858909218376e-09
1.400215246042490932e-09
7.839379912721319458e-10
5.418909701376712430e-10
6.905606485229928558e-10
3.587680070685244033e-10
9.271919914338726697e-10
3.252207865022419059e-10
8.354098101628809558e-10
1.085224839614765604e-09
1.568281824358548369e-09
5.917059068619902532e-10
5.886793778405046041e-10
7.879573867431241881e-10
7.892396444360645785e-10
8.291901526128968305e-10
4.595146438695678512e-10
5.568576105778266875e-10
3.857981273522102086e-10
2.712155439708107943e-10
8.222983474101128411e-10
3.460633470848940551e-10
4.424889156100092693e-10
6.261886282502188211e-10
8.478573775115576341e-10
3.857872092700830562e-10
8.332961751205141435e-10
3.063097629624715900e-10
5.875217528572063196e-10
1.179085584564465820e-09
3.713066709472617358e-10
3.464737869757843283e-10
4.483230915143923097e-10
2.079694296513060460e-10
3.722195842266325992e-10
7.783636620865543651e-10
2.385812505675178676e-10
1.057838404519813969e-09
4.963188509625290162e-10
1.108662858173068734e-09
3.139350692072404548e-10
5.681547103792177874e-10
8.275961592799597207e-10
1.488585524829311845e-09
9.992604609052752538e-10
2.966451681286094797e-10
1.286635211830975223e-09
2.713251717272965043e-10
1.030902828063183499e-09
8.862901655517313379e-11
1.546597518347363581e-09
6.644132268279010068e-10
7.097285492701962696e-10
1.247641332601810151e-09
1.694168837322117905e-09
3.053184295714769871e-09
2.013765378112956861e-09
3.757934899535069467e-09
1.572755725512901081e-10
6.967218706464598525e-10
1.028082237007429993e-09
1.057051922566072724e-09
5.150388538721221524e-10
4.010303077853660249e-10
3.913530698001448141e-10
6.269842394135002086e-10
2.628555302554049926e-10
2.957692095921148614e-10
1.456139413217537117e-09
1.451048240176007993e-09
1.435863682879002429e-09
8.333015733364086723e-10
5.906781019748735350e-10
1.029082822706186594e-09
1.337981896249928821e-10
1.622766494770191204e-09
1.650048401568374157e-09
1.800000000000005821e+05
3.138759574411641624e-09
1.334492737650972512e-09
3.852439095865734763e-10
1.762411777527840237e-09
3.562159309489363270e-09
4.278102939565884250e-09
2.915668197550687154e-09
4.160012464496147858e-09
2.626301790590121641e-09
1.529860340963658221e-10
1.993177303439911956e-09
1.477044288459957185e-09
1.626538027588859879e-09
1.728781998575101072e-09
1.896961888202505691e-10
1.250202617912494718e-09
7.450101624392632760e-10
1.862922033115819961e-09
5.493186300263491343e-10
6.793107581117954346e-09
9.722538718475059760e-09
7.151385148923261641e-09
2.079966802100351387e-09
1.596817149197132081e-09
1.466361756143925804e-09
4.783330775267990495e-10
1.282983500945238444e-09
1.636957814502183256e-09
6.045046866833733603e-10
1.435247872532889906e-09
4.245275455687667570e-10
2.138940102411828802e-09
2.349629371167880350e-09
2.965135462253419073e-09
4.815887629457727680e-09
2.999999999999994761e+05
5.613372183517766103e-09
3.175080364307068353e-09
1.258793017781675888e-09
1.985216647187996678e-09
5.813321909508269839e-10
1.325675054884818524e-09
4.130021105617646285e-10
2.137294135674601031e-09
2.012887104971584580e-09
9.789949560783651673e-10
1.811765535314863719e-09
1.940638620806172795e-09
1.087564180825546232e-09
4.772899782736211498e-09
7.660815098421271734e-09
5.330385619251455069e-09
1.495389947631777695e-09
2.438955151463381897e-09
1.186542809066781890e-09
1.867941243142028399e-09
1.188807018925368632e-09
1.035576607001889298e-09
1.506407101949739851e-09
1.201110512657604128e-09
1.153086926523630756e-09
1.244956601575266796e-09
1.391001118305535694e-09
4.013612710841217075e-09
2.241794609609869395e-09
3.806260993162386870e-09
2.646266973662918447e-09
3.166425709842614735e-09
1.175777944643447202e-09
7.943274730752184479e-10
4.308992157676454500e-11
6.916925534235929217e-10
4.240033275934913337e-10
5.124566396493238420e-10
7.094092343088549652e-10
5.538281646902483991e-10
1.752370536832542571e-09
5.584355755977219749e-10
2.041769051423068063e-09
2.990166739467527895e-09
1.537114278490074559e-09
3.665634152751200511e-10
8.586307340503243074e-10
3.845483866409203909e-10
6.923395391042633075e-10
9.369684087974680605e-10
1.084463084307237671e-09
1.157798616781156025e-09
1.389841351700240639e-09
4.632176119348269263e-10
5.174304557674614823e-10
2.977536565354376105e-09
2.590233243071276964e-09
1.679922269527063316e-09
1.020676825004628341e-09
7.479775362039197289e-10
6.995529541159170744e-10
8.280547215320034123e-10
1.031646528277626020e-09
4.071054382667383667e-10
1.077425133345622242e-09
4.418679193929279443e-10
6.260880178854918751e-10
8.423723675874068390e-10
3.128763462696870977e-10
8.875640275553943060e-10
2.053625061567654486e-10
1.248428876145441096e-09
1.646671040779389572e-09
6.433202102759369184e-10
5.467883762482616905e-10
1.517724684189200502e-10
4.170150609911930696e-11
4.812288939731978973e-10
4.339601301437227516e-11
3.620658679467756734e-10
5.015690289240336273e-10
6.009235332289917904e-10
6.804731823124277897e-10
6.094927814778054258e-10
2.141664977334859770e-10
1.191876207055958419e-09
1.361373177675723937e-09
1.529023705152987077e-09
2.957585448021796548e-10
1.960848863239761690e-10
6.682191168773358051e-10
1.315012118291671573e-10
1.007523268010636561e-09
5.646097723837753825e-10
3.345130398753341758e-10
1.583111624702931811e-10
3.383466767123622507e-10
4.195387597743597478e-10
1.841914936110614321e-09
4.787759835097769240e-10
9.189115851159322711e-10
5.593419858215049189e-10
7.430726733682754244e-10
1.155700149184923208e-09
1.217045429207385571e-09
9.619573421636133099e-10
7.392263825565169136e-10
4.163728548346997219e-10
7.094660569308635454e-10
6.275414034979894578e-10
4.894847222141610652e-11
1.736975001865596882e-09
1.664965394150813644e-09
3.909575498051051396e-10
3.361860617445877387e-10
1.418687874783685997e-09
4.867043292082587408e-10
2.811855479500268422e-10
4.402828421783997775e-10
4.612600852317481251e-10
2.247201089742791602e-10
6.519816490711412766e-10
2.864825377094090537e-10
3.491582489386566250e-10
6.934620833812091799e-10
6.121398745918356667e-10
7.262600814423108665e-10
7.620803924262471909e-10
8.419876610918194963e-10
9.598616075382972297e-10
5.373653366679330650e-10
5.997243405180895541e-10
6.088524027857495656e-10
6.248975059639885660e-10
9.293738993714866323e-10
1.125364257246239726e-09
1.635828933943896571e-09
1.766457949085821583e-09
2.116771167989644188e-09
1.838374038643648310e-09
1.654461287370246887e-09
1.867056634509539763e-09
1.972989142823567913e-09
2.342473940292538888e-09
2.133968842073791040e-09
1.032062613406837130e-09
1.389043247154734434e-09
9.030442188002163945e-10
1.253833688590808180e-09
1.576963496142617728e-09
2.465808086152923342e-09
2.277509725914427324e-09
2.563899042856627787e-09
3.264271516219633731e-09
3.676091352321825551e-09
3.254209507702675176e-09
3.237802292818891520e-09
3.286827392155721254e-09
3.161103113547169847e-09
3.052519553440478242e-09
2.923904236093187991e-09
2.306546530744812564e-09
2.092680137137786809e-09
1.393025646775985555e-09
1.244514265091526864e-09
7.320398783861511553e-10
7.688668416556627307e-10
4.239098137868147690e-10
1.506989134670538261e-09
1.047488876295988246e-09
9.713065319806757869e-10
2.216205247155726102e-09
1.205895495347449807e-09
1.419695751458351740e-09
1.010269782156171087e-09
1.015454932474896562e-09
8.737297535215664276e-10
7.247911628363818829e-10
7.927038967670930628e-10
7.344239107134037584e-10
1.177061959872997906e-09
1.603625619516851769e-09
1.745973662991204921e-09
1.758075355444596427e-09
1.445002211070743732e-09
1.381875081044089074e-09
1.092126307738374813e-09
1.100540236230353116e-09
1.029754550771306515e-09
8.171831183553503992e-10
4.264810456260891922e-10
6.677410612886803707e-10
5.120635589964576828e-10
2.720943373507746793e-10
4.565863112936855845e-10
5.407264700834434416e-10
9.080238217276770253e-10
1.810974294410449825e-10
9.651367754769439085e-10
2.814479067592812474e-10
1.933098147757550276e-09
1.821321543535681483e-09
5.450702145645277544e-10
1.256814207460997920e-09
3.400655159861093285e-10
3.666998739551487188e-11
3.752990561777985017e-10
4.037874253668150155e-10
5.886253008708739615e-10
4.138616240886109605e-10
4.554640145276699386e-10
5.421544995159858335e-10
9.632938015592628151e-10
9.377170497404351024e-10
5.812679090449830651e-10
2.896404969708951496e-10
1.001629547401124707e-09
6.397262284229939969e-10
2.736105015413147453e-10
3.302262565744931852e-10
3.441176895557573214e-10
2.219699509308928737e-10
2.760268910568946433e-10
5.041042723563535763e-10
9.242937085981029872e-10
3.104562359548073023e-10
4.409188004371934847e-10
2.209590141846911212e-10
4.763285876099343845e-10
4.524136821940222284e-10
4.253331826549524144e-10
3.933874513501280598e-10
4.167854042100292991e-10
5.358330638891480373e-10
6.196993222087533991e-10
6.199621667720002927e-10
4.071629340029905358e-10
7.927479917457522934e-10
3.334454619758764668e-10
3.096412169612657180e-10
9.167148987003000540e-10
8.623979230368039656e-10
1.277051966471238136e-09
1.533176068307935616e-09
5.365177971281028899e-10
5.060609710696064537e-10
5.319401568918333982e-10
9.145502469428338113e-11
1.642856928428177932e-10
4.803901738928160479e-10
5.502307609472090127e-10
4.849569062892213835e-10
8.101090323590135674e-10
1.553743413237553634e-09
8.887055874920393839e-10
1.264146449531074752e-09
2.009037049231448515e-09
2.287118787324778417e-09
2.401227845638337972e-09
8.843056441482781350e-10
9.919793574178617954e-10
4.764864042118272475e-10
9.689591871015192658e-10
1.049719722175927308e-09
4.386942757941266095e-10
5.314740705756162328e-10
3.753722906017050673e-10
3.966950384127747862e-10
5.622352134676241457e-11
5.268169211886066109e-10
6.299182776515218705e-10
2.436349102319544399e-10
6.284687011857145024e-10
1.186032483341071905e-10
9.183405454605080971e-10
1.844657800324374523e-10
9.289705332174575782e-10
6.086500641266051605e-10
3.829899427507046816e-10
4.974747385510614916e-10
4.382722870947606843e-10
8.570360808394453034e-10
4.148693589494568697e-10
2.107288930597758822e-09
2.959880448575285679e-09
2.555068842392972456e-09
8.163733800984342929e-10
7.704628286158449086e-10
9.746877608401272518e-10
4.223595917864377336e-10
1.559482690611478704e-10
1.232032981785724716e-09
5.094919826523474954e-10
4.335175924133343831e-11
2.323567912331060641e-10
2.953693158631917999e-10
3.018983480677066092e-10
5.196115973136417502e-10
1.181983764931432525e-09
8.844473077349508623e-10
6.602121200707464537e-10
6.577253305012873151e-10
3.867260773586230647e-10
1.093137545159475805e-09
4.336119637667177340e-10
1.045940331439347651e-09
1.308618546347826916e-09
1.306240023570862103e-09
3.057490657931800727e-09
1.279724012744378765e-09
3.220409081075241412e-09
3.028870192379602088e-09
5.370983811933151088e-09
3.607625851880297132e-09
5.705387257276678726e-09
2.821594558703071809e-09
2.966188804063024419e-09
2.646094298753122870e-09
1.182781078211502729e-09
1.877618496884713232e-09
7.164802878531567800e-10
6.332235117232642672e-10
1.936786778943424022e-09
1.631331306996711752e-09
5.191991964727382718e-10
1.351302870154635668e-09
1.648201792563485521e-09
2.050893754121201679e-09
3.751751738873408018e-09
1.521609846605260522e-09
8.603334245952392487e-10
3.181140091941951064e-10
7.040018335714474546e-10
1.071589151874539908e-09
7.506743075649302266e-10
1.266464616014955958e-09
1.484803663919814793e-09
8.939401819703806067e-10
1.214348141335017847e-09
7.630564522143514932e-10
1.150814584958012450e-09
9.518767185889602528e-10
1.152477866953489211e-09
1.874950993380597919e-09
3.592258417176484485e-09
2.938763249737417817e-09
5.217078646271107564e-10
